x n1 n4 n25
0 0.2 0 0
0.04 0.198406382967 4.23146982421e-06 1.10694319236e-40
0.08 0.196825464011 3.27856510129e-05 1.52049968071e-33
0.12 0.195257141952 0.000107166775963 2.09564470426e-29
0.16 0.193701316416 0.000246024836504 1.70996978476e-26
0.2 0.19215788783 0.000465384127947 2.96462558485e-24
0.24 0.190626757416 0.000778857277442 1.92957143382e-22
0.28 0.189107827178 0.00119784556064 6.38741179291e-21
0.32 0.187600999906 0.00173172627001 1.28905885599e-19
0.36 0.186106179162 0.00238802785946 1.78268409284e-18
0.4 0.184623269277 0.00317259355291 1.82976479022e-17
0.44 0.183152175345 0.00408973406962 1.47557338666e-16
0.48 0.181692803214 0.00514237008518 9.75051104707e-16
0.52 0.180245059484 0.00633216501571 5.45078475412e-15
0.56 0.1788088515 0.00765964868205 2.64260673227e-14
0.6 0.177384087343 0.00912433238222 1.13315938945e-13
0.64 0.175970675829 0.0107248158726 4.36637942386e-13
0.68 0.174568526498 0.0124588867326 1.53164142813e-12
0.72 0.173177549612 0.0143236125617 4.94383784532e-12
0.76 0.171797656148 0.0163154264364 1.48167045757e-11
0.8 0.170428757793 0.0184302060278 4.15457112569e-11
0.84 0.169070766937 0.0206633467649 1.09700973034e-10
0.88 0.167723596667 0.0230098294027 2.7430444767e-10
0.92 0.166387160765 0.0254642823388 6.52676051891e-10
0.96 0.165061373698 0.0280210390016 1.48402261107e-09
1 0.163746150616 0.0306741906171 3.2364733012e-09
1.04 0.162441407342 0.0334176346425 6.79224394827e-09
1.08 0.161147060375 0.036245119143 1.3757019968e-08
1.12 0.159863026874 0.039150283368 2.69604963654e-08
1.16 0.158589224661 0.0421266947725 5.12422492546e-08
1.2 0.157325572213 0.0451678827155 9.46514893376e-08
1.24 0.156071988656 0.0482673690514 1.70231174024e-07
1.28 0.154828393758 0.051418695823 2.9860634082e-07
1.32 0.153594707931 0.0546154502477 5.11652625033e-07
1.36 0.152370852218 0.0578512871827 8.57582207833e-07
1.4 0.151156748291 0.06111994924 1.40784849592e-06
1.44 0.149952318448 0.0644152847161 2.26633433718e-06
1.48 0.148757485604 0.0677312634877 3.58134732483e-06
1.52 0.14757217329 0.071061991021 5.56099476763e-06
1.56 0.146396305646 0.0744017206272 8.49254467004e-06
1.6 0.145229807415 0.077744864096 1.27663917405e-05
1.64 0.144072603941 0.0810860008249 1.89052332405e-05
1.68 0.142924621163 0.0844198855593 2.75990130401e-05
1.72 0.14178578561 0.0877414548496 3.97461090396e-05
1.76 0.140656024395 0.0910458323248 5.65011158721e-05
1.8 0.139535265214 0.0943283328774 7.93294098696e-05
1.84 0.138423436338 0.0975844658482 0.000110068476925
1.88 0.137320466608 0.100809937292 0.000150995738552
1.92 0.136226285436 0.104000651403 0.00020490233186
1.96 0.135140822792 0.107152711176 0.000275171992247
2 0.134064009207 0.110262418361 0.000365863862617
2.04 0.132995775764 0.113326272787 0.000481797720644
2.08 0.131936054097 0.116340971112 0.000628639788784
2.12 0.130884776382 0.119303405043 0.000812986983625
2.16 0.129841875337 0.122210659097 0.00104244718593
2.2 0.128807284217 0.125060007935 0.00132571288407
2.24 0.127780936806 0.127848913326 0.00167262537448
2.28 0.12676276742 0.130575020771 0.00209422660498
2.32 0.125752710893 0.133236155842 0.00260279572975
2.36 0.124750702584 0.135830320257 0.00321186751589
2.4 0.123756678361 0.138355687731 0.00393622990464
2.44 0.122770574609 0.140810599638 0.0047918982872
2.48 0.121792328215 0.143193560513 0.00579606440267
2.52 0.120821876571 0.145503233403 0.00696701819946
2.56 0.119859157569 0.147738435127 0.00832404151178
2.6 0.118904109594 0.149898131429 0.00988727297856
2.64 0.117956671523 0.151981432073 0.0116775442593
2.68 0.117016782718 0.153987585891 0.0137161882626
2.72 0.116084383028 0.155915975791 0.0160248207823
2.76 0.115159412778 0.157766113765 0.018625097613
2.8 0.11424181277 0.159537635883 0.0215384498724
2.84 0.113331524276 0.161230297315 0.0247858008759
2.88 0.112428489039 0.162843967369 0.0283872684679
2.92 0.111532649264 0.164378624575 0.032361857202
2.96 0.110643947616 0.165834351814 0.0367271451598
3 0.109762327219 0.167211331503 0.0414989705024
3.04 0.108887731648 0.168509840849 0.0466911230376
3.08 0.108020104929 0.169730247175 0.0523150461701
3.12 0.107159391533 0.170873003323 0.0583795545629
3.16 0.106305536376 0.171938643149 0.0648905726867
3.2 0.105458484809 0.172927777099 0.0718508991749
3.24 0.104618182621 0.173841087887 0.0792600015267
3.28 0.103784576032 0.174679326272 0.0871138452419
3.32 0.102957611691 0.17544330693 0.0954047609174
3.36 0.102137236673 0.176133904436 0.104121352215
3.4 0.101323398473 0.176752049355 0.113248446933
3.44 0.100516045005 0.177298724433 0.122767092691
3.48 0.0997151245982 0.177774960905 0.132654597996
3.52 0.0989205859934 0.178181834913 0.142884618704
3.56 0.0981323783398 0.178520464033 0.153427289146
3.6 0.097350451192 0.178792003911 0.164249396456
3.64 0.0965747545062 0.17899764502 0.175314595974
3.68 0.0958052386378 0.179138609519 0.186583664939
3.72 0.0950418543372 0.179216148227 0.198014791127
3.76 0.0942845527478 0.179231537703 0.209563892577
3.8 0.093533285402 0.179186077445 0.221184964142
3.84 0.0927880042183 0.179081087184 0.232830446238
3.88 0.0920486614986 0.178917904293 0.244451610917
3.92 0.0913152099247 0.178697881299 0.255998960258
3.96 0.0905876025553 0.178422383495 0.267422631942
4 0.0898657928234 0.178092786662 0.278672806927
4.04 0.089149734533 0.177710474881 0.289700114229
4.08 0.088439381856 0.17727683845 0.300456027967
4.12 0.0877346893296 0.176793271894 0.310893252092
4.16 0.0870356118533 0.17626117207 0.32096608851
4.2 0.0863421046858 0.175681936363 0.330630784683
4.24 0.0856541234425 0.175056960972 0.33984585718
4.28 0.0849716240924 0.174387639281 0.348572388099
4.32 0.0842945629552 0.173675360322 0.35677429176
4.36 0.0836228966988 0.172921507312 0.364418549525
4.4 0.0829565823363 0.172127456279 0.371475411134
4.44 0.0822955772234 0.171294574758 0.377918561402
4.48 0.0816398390556 0.170424220568 0.383725251635
4.52 0.0809893258653 0.169517740664 0.388876395583
4.56 0.0803439960195 0.168576470057 0.393356630198
4.6 0.0797038082169 0.167601730803 0.397154341876
4.64 0.0790687214852 0.166594831062 0.400261659277
4.68 0.0784386951787 0.165557064218 0.40267441413
4.72 0.0778136889754 0.164489708064 0.404392071781
4.76 0.0771936628748 0.163394024049 0.405417633477
4.8 0.076578577195 0.162271256573 0.405757512636
4.84 0.0759683925703 0.161122632354 0.405421387518
4.88 0.0753630699486 0.159949359833 0.404422032853
4.92 0.0747625705891 0.158752628642 0.402775133096
4.96 0.0741668560596 0.157533609115 0.400499080012
5 0.0735758882343 0.156293451851 0.39761475734
5.04 0.0729896292909 0.155033287317 0.394145315246
5.08 0.0724080417087 0.153754225505 0.390115937229
5.12 0.0718310882659 0.152457355618 0.385553602086
5.16 0.0712587320372 0.151143745807 0.380486843399
5.2 0.0706909363918 0.149814442941 0.374945508903
5.24 0.0701276649903 0.148470472412 0.368960521943
5.28 0.0695688817834 0.147112837984 0.362563647052
5.32 0.0690145510087 0.145742521661 0.355787261512
5.36 0.0684646371888 0.144360483603 0.348664134572
5.4 0.067919105129 0.142967662055 0.341227215808
5.44 0.0673779199151 0.14156497332 0.333509433913
5.48 0.0668410469111 0.140153311751 0.325543506995
5.52 0.066308451757 0.138733549768 0.317361765305
5.56 0.0657801003664 0.137306537903 0.308995987081
5.6 0.0652559589246 0.135873104867 0.300477248063
5.64 0.0647359938865 0.134434057637 0.291835785007
5.68 0.0642201719741 0.132990181568 0.283100873421
5.72 0.0637084601746 0.131542240513 0.274300719539
5.76 0.0632008257384 0.130090976981 0.265462366457
5.8 0.0626972361765 0.128637112286 0.256611614184
5.84 0.0621976592592 0.127181346739 0.247772953286
5.88 0.0617020630133 0.125724359831 0.238969511674
5.92 0.0612104157205 0.124266810448 0.230223014
5.96 0.0607226859151 0.122809337087 0.221553753074
6 0.0602388423824 0.121352558086 0.212980572621
6.04 0.0597588541562 0.119897071874 0.204520860669
6.08 0.0592826905171 0.118443457219 0.196190552818
6.12 0.0588103209903 0.11699227349 0.188004144595
6.16 0.0583417153442 0.11554406093 0.179974712123
6.2 0.0578768435878 0.114099340935 0.172113940274
6.24 0.0574156759691 0.112658616338 0.164432157525
6.28 0.0569581829733 0.1112223717 0.156938376707
6.32 0.0565043353207 0.109791073612 0.149640340888
6.36 0.0560541039648 0.108365170991 0.142544573626
6.4 0.0556074600906 0.106945095392 0.135656432864
6.44 0.0551643751129 0.105531261319 0.128980167794
6.48 0.0547248206741 0.104124066534 0.122518978003
6.52 0.0542887686424 0.102723892378 0.116275074316
6.56 0.0538561911105 0.101331104088 0.11024974073
6.6 0.0534270603932 0.0999460511183 0.104443396932
6.64 0.053001349026 0.0985690674617 0.098855660889
6.68 0.0525790297632 0.0972004719729 0.0934854110797
6.72 0.0521600755762 0.0958405686909 0.088330847955
6.76 0.0517444596519 0.0944896471625 0.0833895542767
6.8 0.0513321553907 0.0931479827651 0.0786585540134
6.84 0.050923136405 0.0918158370288 0.07413436952
6.88 0.0505173765173 0.0904934579577 0.0698130767639
6.92 0.050114849759 0.0891810803497 0.0656903584009
6.96 0.0497155303682 0.0878789261147 0.0617615545384
7 0.0493193927883 0.0865872045912 0.0580217110557
7.04 0.0489264116664 0.0853061128605 0.0544656253852
7.08 0.0485365618515 0.0840358360588 0.051087889685
7.12 0.0481498183932 0.0827765476864 0.0478829313611
7.16 0.0477661565396 0.0815284099147 0.0448450509212
7.2 0.0473855517364 0.0802915738894 0.0419684571652
7.24 0.0470079796247 0.0790661800314 0.0392472997336
7.28 0.0466334160397 0.0778523583335 0.0366756990578
7.32 0.0462618370093 0.0766502286549 0.0342477737666
7.36 0.0458932187522 0.0754599010104 0.0319576656183
7.4 0.0455275376768 0.0742814758575 0.0297995620402
7.44 0.0451647703793 0.0731150443785 0.0277677163636
7.48 0.0448048936425 0.0719606887594 0.0258564658532
7.52 0.0444478844343 0.070818482464 0.024060247633
7.56 0.0440937199058 0.0696884905045 0.0223736126175
7.6 0.0437423773904 0.0685707697079 0.0207912375588
7.64 0.0433938344022 0.0674653689772 0.0193079353223
7.68 0.0430480686341 0.0663723295494 0.0179186635047
7.72 0.0427050579571 0.0652916852486 0.016618531508
7.76 0.0423647804184 0.0642234627344 0.0154028061816
7.8 0.0420272142402 0.0631676817461 0.0142669161429
7.84 0.0416923378179 0.0621243553426 0.0132064548838
7.88 0.0413601297196 0.0610934901375 0.0122171827698
7.92 0.0410305686836 0.0600750865293 0.0112950280301
7.96 0.040703633618 0.0590691389279 0.0104360868383
8 0.0403793035989 0.0580756359759 0.00963662257592
8.04 0.040057557869 0.0570945607651 0.00889306436675
8.08 0.0397383758365 0.0561258910495 0.00820200496668
8.12 0.0394217370736 0.0551695994526 0.00756019808742
8.16 0.0391076213153 0.0542256536707 0.00696455522871
8.2 0.0387960084582 0.0532940166719 0.00641214208803
8.24 0.0384868785588 0.0523746468899 0.00590017461263
8.28 0.0381802118328 0.0514674984142 0.00542601475341
8.32 0.0378759886534 0.0505725211748 0.00498716597587
8.36 0.0375741895501 0.0496896611239 0.00458126857878
8.4 0.0372747952079 0.048818860412 0.00420609486666
8.44 0.0369777864652 0.0479600575598 0.00385954421817
8.48 0.0366831443135 0.0471131876268 0.00353963808843
8.52 0.0363908498956 0.0462781823746 0.00324451497935
8.56 0.0361008845045 0.0454549704263 0.00297242540851
8.6 0.0358132295823 0.0446434774219 0.00272172690379
8.64 0.035527866719 0.0438436261697 0.00249087904751
8.68 0.0352447776514 0.0430553367933 0.002278438591
8.72 0.0349639442615 0.0422785268745 0.00208305465769
8.76 0.034685348576 0.0415131115932 0.00190346405016
8.8 0.0344089727646 0.040759003862 0.00173848667423
8.84 0.0341347991393 0.0400161144584 0.001587021091
8.88 0.0338628101527 0.0392843521518 0.00144804020552
8.92 0.0335929883975 0.0385636238282 0.00132058709932
8.96 0.0333253166051 0.0378538346102 0.00120377101197
9 0.0330597776443 0.037154887974 0.00109676347555
9.04 0.0327963545206 0.0364666858624 0.000998794604494
9.08 0.0325350303747 0.0357891287946 0.000909149542112
9.12 0.0322757884819 0.0351221159731 0.000827165063962
9.16 0.0320186122506 0.034465545386 0.00075222633734
9.2 0.0317634852214 0.0338193139071 0.000683763835334
9.24 0.0315103910661 0.0331833173926 0.000621250403179
9.28 0.0312593135865 0.0325574507741 0.000564198474005
9.32 0.0310102367137 0.0319416081493 0.000512157430614
9.36 0.0307631445067 0.0313356828688 0.000464711109419
9.4 0.0305180211514 0.0307395676208 0.000421475442391
9.44 0.0302748509598 0.0301531545122 0.000382096232524
9.48 0.0300336183691 0.0295763351472 0.000346247058137
9.52 0.0297943079402 0.0290090007032 0.000313627301168
9.56 0.0295569043571 0.0284510420036 0.000283960294482
9.6 0.0293213924261 0.0279023495884 0.000256991583177
9.64 0.0290877570741 0.0273628137817 0.00023248729483
9.68 0.0288559833486 0.0268323247572 0.000210232613627
9.72 0.0286260564158 0.0263107726009 0.000190030353382
9.76 0.0283979615604 0.0257980473711 0.000171699624493
9.8 0.0281716841842 0.0252940391569 0.000155074589995
9.84 0.0279472098054 0.0247986381335 0.000140003305948
9.88 0.0277245240576 0.0243117346156 0.000126346641549
9.92 0.0275036126889 0.0238332191089 0.000113977274477
9.96 0.0272844615607 0.023362982359 0.000102778757136
10 0.0270670566473 0.0229009153981 9.26446496013e-05
10.04 0.0268513840348 0.0224469095908 8.34777152522e-05
10.08 0.0266374299201 0.0220008566762 7.51891752268e-05
10.12 0.02642518061 0.0215626488094 6.76980180039e-05
10.16 0.0262146225204 0.0211321786009 6.0930360588e-05
10.2 0.0260057421757 0.0207093391536 5.48188579356e-05
10.24 0.0257985262073 0.0202940240986 4.93021574314e-05
10.28 0.0255929613534 0.0198861276292 4.43243953842e-05
10.32 0.0253890344578 0.0194855445328 3.98347326744e-05
10.36 0.025186732469 0.0190921702221 3.57869268403e-05
10.4 0.0249860424397 0.0187059007636 3.21389380454e-05
10.44 0.0247869515257 0.0183266329052 2.88525665137e-05
10.48 0.024589446985 0.0179542641024 2.58931191658e-05
10.52 0.0243935161773 0.017588692543 2.32291033242e-05
10.56 0.024199146563 0.0172298171699 2.08319454901e-05
10.6 0.0240063257023 0.016877537703 1.86757333166e-05
10.64 0.0238150412546 0.0165317546601 1.67369790302e-05
10.68 0.0236252809778 0.0161923693759 1.49944026602e-05
10.72 0.0234370327269 0.0158592840199 1.34287335515e-05
10.76 0.0232502844542 0.0155324016135 1.20225287355e-05
10.8 0.0230650242076 0.0152116260453 1.07600068336e-05
10.84 0.0228812401304 0.0148968620862 9.62689626178e-06
10.88 0.0226989204604 0.0145880154025 8.61029658975e-06
10.92 0.0225180535291 0.0142849925684 7.69855199291e-06
10.96 0.0223386277609 0.0139877010776 6.88113581137e-06
11 0.0221606316725 0.0136960493535 6.14854530376e-06
11.04 0.021984053872 0.0134099467591 5.4922057516e-06
11.08 0.0218088830586 0.0131293036051 4.90438313374e-06
11.12 0.021635108021 0.0128540311583 4.37810465008e-06
11.16 0.0214627176378 0.0125840416481 3.90708642969e-06
11.2 0.0212917008759 0.0123192482725 3.4856678099e-06
11.24 0.02112204679 0.0120595652038 3.10875162197e-06
11.28 0.0209537445224 0.0118049075928 2.77174996317e-06
11.32 0.0207867833015 0.011555191573 2.47053497759e-06
11.36 0.0206211524419 0.0113103342635 2.20139420621e-06
11.4 0.0204568413431 0.0110702537713 1.96099010306e-06
11.44 0.0202938394891 0.0108348691938 1.74632334745e-06
11.48 0.0201321364478 0.0106041006191 1.55469961307e-06
11.52 0.0199717218701 0.0103778691276 1.3836994831e-06
11.56 0.0198125854893 0.0101560967911 1.23115122701e-06
11.6 0.0196547171209 0.00993870667311 1.09510617868e-06
11.64 0.019498106661 0.00972562282745 9.73816478021e-07
11.68 0.0193427440866 0.00951677029672 8.65714958617e-07
11.72 0.0191886194544 0.00931207511047 7.69396983143e-07
11.76 0.0190357229005 0.00911146428267 6.83604045377e-07
11.8 0.0188840446393 0.00891486580884 6.07208973829e-07
11.84 0.0187335749634 0.00872220866278 5.39202586564e-07
11.88 0.0185843042426 0.00853342279286 4.78681660261e-07
11.92 0.0184362229237 0.00834843911797 4.24838088873e-07
11.96 0.0182893215294 0.00816718952306 3.76949118529e-07
12 0.0181435906579 0.0079896068544 3.34368555635e-07
12.04 0.0179990209824 0.00781562491446 2.96518854556e-07
12.08 0.0178556032503 0.00764517845654 2.62883999896e-07
12.12 0.017713328283 0.00747820317902 2.33003106262e-07
12.16 0.0175721869747 0.00731463571943 2.06464665545e-07
12.2 0.0174321702924 0.00715441364821 1.82901378345e-07
12.24 0.0172932692749 0.00699747546221 1.61985512093e-07
12.28 0.0171554750326 0.00684376057796 1.43424733869e-07
12.32 0.0170187787465 0.00669320932481 1.26958370859e-07
12.36 0.0168831716681 0.00654576293767 1.12354055882e-07
12.4 0.0167486451184 0.00640136354981 9.94047194936e-08
12.44 0.0166151904878 0.00625995418522 8.79258939197e-08
12.48 0.016482799235 0.00612147875102 7.77532973866e-08
12.52 0.0163514628869 0.00598588202957 6.87406705202e-08
12.56 0.0162211730381 0.00585310967049 6.07578392257e-08
12.6 0.0160919213499 0.00572310818256 5.36889809858e-08
12.64 0.0159636995502 0.00559582492544 4.74310737821e-08
12.68 0.0158364994326 0.00547120810134 4.18925089068e-08
12.72 0.0157103128565 0.0053492067465 3.6991850794e-08
12.76 0.0155851317457 0.00522977072272 3.26567286817e-08
12.8 0.0154609480887 0.00511285070859 2.88228464421e-08
12.84 0.0153377539376 0.00499839819088 2.54330982884e-08
12.88 0.015215541408 0.00488636545564 2.24367793116e-08
12.92 0.0150943026783 0.00477670557941 1.97888809186e-08
12.96 0.0149740299891 0.00466937242027 1.74494622554e-08
13 0.0148547156429 0.0045643206089 1.53830896092e-08
13.04 0.0147363520036 0.00446150553956 1.35583366038e-08
13.08 0.0146189314958 0.00436088336105 1.19473387446e-08
13.12 0.0145024466046 0.00426241096769 1.05253965316e-08
13.16 0.014386889875 0.00416604599019 9.27062196038e-09
13.2 0.0142722539113 0.00407174678659 8.16362377036e-09
13.24 0.0141585313766 0.00397947243314 7.18722728106e-09
13.28 0.0140457149929 0.00388918271522 6.3262250955e-09
13.32 0.0139337975396 0.0038008381182 5.56715533917e-09
13.36 0.0138227718542 0.00371439981836 4.89810445469e-09
13.4 0.0137126308309 0.00362982967384 4.30853188713e-09
13.44 0.0136033674206 0.00354709021551 3.7891142777e-09
13.48 0.0134949746305 0.00346614463801 3.3316070371e-09
13.52 0.0133874455234 0.00338695679064 2.9287213968e-09
13.56 0.0132807732173 0.00330949116847 2.5740152402e-09
13.6 0.0131749508853 0.0032337129033 2.26179619801e-09
13.64 0.0130699717546 0.00315958775479 1.98703565522e-09
13.68 0.0129658291066 0.00308708210159 1.74529246329e-09
13.72 0.0128625162761 0.00301616293248 1.53264528176e-09
13.76 0.012760026651 0.0029467978376 1.34563259025e-09
13.8 0.0126583536719 0.00287895499973 1.18119951655e-09
13.84 0.0125574908318 0.00281260318559 1.03665071945e-09
13.88 0.0124574316755 0.00274771173721 9.09608648627e-10
13.92 0.012358169799 0.00268425056338 7.97976578221e-10
13.96 0.0122596988495 0.00262219013115 6.99905877081e-10
14 0.012162012525 0.00256150145736 6.13767038137e-10
14.04 0.0120651045735 0.00250215610026 5.38124042047e-10
14.08 0.0119689687927 0.00244412615124 4.71711677501e-10
14.12 0.0118735990301 0.00238738422653 4.13415482526e-10
14.16 0.0117789891818 0.00233190345908 3.62254008623e-10
14.2 0.0116851331929 0.0022776574904 3.17363142843e-10
14.24 0.0115920250565 0.00222462046257 2.77982252655e-10
14.28 0.0114996588136 0.0021727670103 2.43441944839e-10
14.32 0.0114080285528 0.002122072253 2.13153253171e-10
14.36 0.0113171284098 0.00207251178703 1.86598090558e-10
14.4 0.0112269525668 0.00202406167792 1.63320819899e-10
14.44 0.0111374952527 0.00197669845281 1.42920814456e-10
14.48 0.011048750742 0.00193039909279 1.25045893216e-10
14.52 0.0109607133551 0.00188514102549 1.09386529773e-10
14.56 0.0108733774577 0.00184090211765 9.56707448344e-11
14.6 0.0107867374601 0.00179766066778 8.36596027663e-11
14.64 0.0107007878174 0.00175539539896 7.3143241691e-11
14.68 0.0106155230287 0.00171408545168 6.3937374774e-11
14.72 0.0105309376372 0.00167371037674 5.58802075106e-11
14.76 0.0104470262292 0.00163425012829 4.88297221938e-11
14.8 0.0103637834345 0.00159568505693 4.26612863936e-11
14.84 0.0102812039255 0.00155799590288 3.72655472807e-11
14.88 0.0101992824171 0.00152116378924 3.25465780595e-11
14.92 0.0101180136662 0.00148517021536 2.84202467041e-11
14.96 0.0100373924716 0.00144999705027 2.4812780664e-11
15 0.00995741367357 0.00141562652621 2.16595042851e-11
15.04 0.00987807215342 0.00138204123219 1.89037284139e-11
15.08 0.00979936283326 0.00134922410776 1.64957740609e-11
15.12 0.00972128067566 0.00131715843671 1.43921141298e-11
15.16 0.00964382068334 0.00128582784098 1.25546191022e-11
15.2 0.00956697789884 0.00125521627455 1.09498942329e-11
15.24 0.00949074740419 0.00122530801753 9.54869728149e-12
15.28 0.00941512432061 0.00119608767023 8.32542710446e-12
15.32 0.00934010380821 0.00116754014737 7.25767458308e-12
15.36 0.00926568106563 0.00113965067232 6.32582837196e-12
15.4 0.00919185132981 0.00111240477151 5.51272885049e-12
15.44 0.00911860987561 0.00108578826886 4.80336444772e-12
15.48 0.00904595201555 0.00105978728026 4.18460520826e-12
15.52 0.00897387309951 0.0010343882082 3.6449690808e-12
15.56 0.00890236851441 0.00100957773649 3.17441695314e-12
15.6 0.00883143368394 0.000985342824943 2.76417293478e-12
15.64 0.00876106406823 0.000961670704287 2.40656680951e-12
15.68 0.00869125516362 0.00093854887105 2.09489595112e-12
15.72 0.0086220025023 0.00091596508257 1.82330432238e-12
15.76 0.00855330165209 0.000893907352067 1.58667646501e-12
15.8 0.0084851482161 0.000872363943799 1.38054464205e-12
15.84 0.0084175378325 0.000851323368291 1.20100751689e-12
15.88 0.00835046617418 0.000830774377638 1.0446589498e-12
15.92 0.00828392894856 0.000810705960884 9.0852566531e-13
15.96 0.00821792189721 0.000791107339478 7.90012695963e-13
16 0.00815244079567 0.000771967962799 6.86855641558e-13
