n independent dependent
1 1 1
2 0.707106781187 0.74161984871
3 0.57735026919 0.632455532034
4 0.5 0.57008771255
5 0.4472135955 0.529150262213
6 0.408248290464 0.5
7 0.377964473009 0.478091443734
8 0.353553390593 0.460977222865
9 0.333333333333 0.4472135955
10 0.316227766017 0.435889894354
11 0.301511344578 0.426401432711
12 0.288675134595 0.418330013267
13 0.277350098113 0.411376675604
14 0.267261241912 0.405321741689
15 0.258198889747 0.4
16 0.25 0.395284707521
17 0.242535625036 0.391076944438
18 0.235702260396 0.387298334621
19 0.229415733871 0.383885947975
20 0.22360679775 0.380788655293
21 0.218217890236 0.377964473009
22 0.213200716356 0.375378596765
23 0.208514414057 0.373001923296
24 0.204124145232 0.370809924355
25 0.2 0.368781778292
26 0.196116135138 0.366899692853
27 0.19245008973 0.36514837167
28 0.188982236505 0.36351459
29 0.185695338177 0.3619868544
30 0.182574185835 0.360555127546
31 0.179605302027 0.359210604054
32 0.176776695297 0.357945526582
33 0.174077655956 0.356753034006
34 0.171498585143 0.355627035299
35 0.169030850946 0.354562104171
36 0.166666666667 0.353553390593
37 0.164398987305 0.352596546104
38 0.162221421131 0.351687660469
39 0.160128153805 0.350823207723
40 0.158113883008 0.35
41 0.156173761889 0.349215147885
42 0.154303349962 0.348466026219
43 0.152498570333 0.347750244512
44 0.150755672289 0.347065621251
45 0.1490711985 0.346410161514
46 0.147441956155 0.345782037404
47 0.145864991498 0.345179570905
48 0.144337567297 0.344601218802
49 0.142857142857 0.344045559394
50 0.141421356237 0.343511280746
51 0.140028008403 0.342997170285
52 0.138675049056 0.342502105552
53 0.137360563949 0.342025045977
54 0.136082763488 0.341565025532
55 0.134839972493 0.341121146169
56 0.133630620956 0.340692571935
57 0.132453235707 0.340278523689
58 0.13130643286 0.339878274356
59 0.130188910981 0.339491144639
60 0.129099444874 0.339116499156
61 0.128036879933 0.338753742947
62 0.127000127 0.338402318302
63 0.12598815767 0.338061701891
64 0.125 0.337731402153
65 0.124034734589 0.337410956915
66 0.123091490979 0.337099931232
67 0.122169444356 0.336797915405
68 0.121267812518 0.336504523176
69 0.120385853086 0.336219390073
70 0.119522860933 0.335942171894
71 0.118678165819 0.335672543319
72 0.117851130198 0.335410196625
73 0.117041147196 0.335154840519
74 0.116247638744 0.33490619905
75 0.115470053838 0.334664010614
76 0.114707866935 0.33442802703
77 0.11396057646 0.334198012694
78 0.113227703414 0.333973743786
79 0.112508790093 0.333755007548
80 0.111803398875 0.333541601603
81 0.111111111111 0.333333333333
82 0.110431526075 0.333130019296
83 0.10976425999 0.332931484684
84 0.109108945118 0.332737562824
85 0.108465228909 0.332548094708
86 0.107832773203 0.332362928557
87 0.107211253484 0.332181919415
88 0.106600358178 0.33200492877
89 0.105999788001 0.331831824198
90 0.105409255339 0.331662479036
91 0.104828483672 0.331496772066
92 0.104257207029 0.331334587231
93 0.103695169473 0.33117581336
94 0.103142124626 0.331020343914
95 0.102597835209 0.330868076747
96 0.102062072616 0.330718913883
97 0.101534616513 0.330572761303
98 0.101015254455 0.330429528749
99 0.100503781526 0.330289129538
100 0.1 0.330151480384
101 0.099503719021 0.330016501238
102 0.0990147542977 0.329884115125
103 0.0985329278164 0.329754248005
104 0.0980580675691 0.329626828632
105 0.0975900072949 0.329501788419
106 0.0971285862357 0.329379061323
107 0.0966736489046 0.32925858372
108 0.0962250448649 0.329140294302
109 0.0957826285221 0.329024133969
110 0.0953462589246 0.32891004573
111 0.0949157995752 0.328797974611
112 0.0944911182523 0.328687867567
113 0.0940720868384 0.328579673397
114 0.0936585811582 0.328473342666
115 0.093250480824 0.328368827626
116 0.0928476690885 0.328266082149
117 0.0924500327042 0.328165061657
118 0.0920574617898 0.328065723056
119 0.0916698497028 0.327968024676
120 0.0912870929175 0.327871926215
121 0.0909090909091 0.327777388679
122 0.0905357460425 0.32768437433
123 0.0901669634667 0.327592846642
124 0.0898026510134 0.327502770242
125 0.0894427191 0.327414110875
126 0.0890870806375 0.327326835354
127 0.0887356509416 0.327240911521
128 0.0883883476483 0.327156308208
129 0.0880450906326 0.327072995195
130 0.0877058019307 0.326990943182
131 0.0873704056661 0.326910123746
132 0.0870388279778 0.326830509314
133 0.0867109969524 0.326752073128
134 0.0863868425581 0.326674789218
135 0.0860662965824 0.326598632371
136 0.0857492925713 0.326523578106
137 0.0854357657717 0.326449602643
138 0.0851256530759 0.326376682884
139 0.084818892968 0.326304796385
140 0.0845154254729 0.326233921333
141 0.0842151921067 0.326164036527
142 0.0839181358297 0.326095121351
143 0.0836242010007 0.326027155761
144 0.0833333333333 0.32596012026
145 0.0830454798537 0.325893995882
146 0.0827605888602 0.325828764172
147 0.0824786098842 0.325764407171
148 0.0821994936527 0.3257009074
149 0.0819231920519 0.32563824784
150 0.0816496580928 0.325576411922
151 0.0813788458771 0.325515383508
152 0.0811107105654 0.325455146881
153 0.0808452083454 0.325395686728
154 0.0805822964025 0.325336988128
155 0.0803219328902 0.325279036541
156 0.0800640769025 0.325221817794
157 0.0798086884468 0.325165318071
158 0.0795557284176 0.325109523902
159 0.0793051585718 0.325054422149
160 0.0790569415042 0.325
161 0.0788110406239 0.324946244957
162 0.0785674201318 0.324893144827
163 0.0783260449988 0.324840687711
164 0.0780868809443 0.324788861998
165 0.0778498944162 0.324737656354
166 0.0776150525706 0.324687059716
167 0.0773823232534 0.324637061281
168 0.077151674981 0.3245876505
169 0.0769230769231 0.324538817073
170 0.0766964988847 0.324490550936
171 0.0764719112902 0.324442842262
172 0.0762492851663 0.324395681444
173 0.076028592127 0.324349059099
174 0.0758098043579 0.324302966057
175 0.0755928946018 0.324257393351
176 0.0753778361444 0.32421233222
177 0.0751646028003 0.324167774097
178 0.0749531688996 0.324123710603
179 0.0747435092752 0.324080133549
180 0.07453559925 0.32403703492
181 0.0743294146247 0.323994406882
182 0.0741249316661 0.323952241766
183 0.0739221270955 0.323910532072
184 0.0737209780774 0.323869270459
185 0.0735214622094 0.323828449746
186 0.0733235575107 0.323788062901
187 0.0731272424127 0.323748103044
188 0.0729324957489 0.323708563437
189 0.0727392967453 0.323669437485
190 0.072547625011 0.323630718729
191 0.0723574605292 0.323592400845
192 0.0721687836487 0.323554477639
193 0.0719815750749 0.323516943042
194 0.0717958158618 0.323479791112
195 0.0716114874039 0.323443016025
196 0.0714285714286 0.323406612076
197 0.0712470499879 0.323370573675
198 0.0710669054519 0.323334895341
199 0.0708881205008 0.323299571706
200 0.0707106781187 0.323264597505
201 0.0705345615859 0.323229967578
202 0.070359754473 0.323195676866
203 0.0701862406344 0.323161720408
204 0.0700140042014 0.323128093341
205 0.069843029577 0.323094790893
206 0.0696733014292 0.323061808388
207 0.0695048046857 0.323029141235
208 0.0693375245282 0.322996784933
209 0.0691714463866 0.322964735065
210 0.0690065559342 0.322932987299
211 0.0688428390822 0.322901537382
212 0.0686802819743 0.322870381142
213 0.0685188709828 0.322839514485
214 0.0683585927025 0.32280893339
215 0.068199433947 0.322778633914
216 0.068041381744 0.322748612184
217 0.0678844233302 0.322718864397
218 0.0677285461479 0.322689386821
219 0.0675737378399 0.32266017579
220 0.0674199862463 0.322631227706
221 0.0672672793996 0.322602539032
222 0.0671156055214 0.322574106298
223 0.0669649530182 0.322545926093
224 0.0668153104781 0.322517995068
225 0.0666666666667 0.322490309932
226 0.0665190105238 0.322462867451
227 0.06637233116 0.32243566445
228 0.0662266178533 0.322408697806
229 0.0660818600455 0.322381964453
230 0.0659380473396 0.322355461375
231 0.065795169496 0.32232918561
232 0.0656532164299 0.322303134246
233 0.065512178208 0.32227730442
234 0.0653720450461 0.322251693318
235 0.0652328073053 0.322226298173
236 0.0650944554904 0.322201116264
237 0.0649569802462 0.322176144918
238 0.0648203723552 0.322151381504
239 0.0646846227353 0.322126823435
240 0.0645497224368 0.322102468168
241 0.0644156626401 0.3220783132
242 0.0642824346533 0.322054356071
243 0.06415002991 0.32203059436
244 0.0640184399664 0.322007025684
245 0.0638876565 0.321983647702
246 0.0637576713063 0.321960458108
247 0.0636284762976 0.321937454634
248 0.0635000635001 0.321914635048
249 0.0633724250524 0.321891997153
250 0.0632455532034 0.321869538789
251 0.0631194403098 0.321847257827
252 0.0629940788349 0.321825152173
253 0.0628694613462 0.321803219768
254 0.0627455805138 0.321781458581
255 0.0626224291085 0.321759866616
256 0.0625 0.321738441906
257 0.0623782861552 0.321717182515
258 0.0622572806365 0.321696086537
259 0.0621369766001 0.321675152094
260 0.0620173672946 0.321654377339
261 0.061898446059 0.321633760451
262 0.0617802063215 0.321613299638
263 0.0616626415978 0.321592993133
264 0.0615457454897 0.321572839197
265 0.0614295116834 0.321552836117
266 0.0613139339485 0.321532982207
267 0.0611990061362 0.321513275802
268 0.0610847221782 0.321493715266
269 0.060971076085 0.321474298984
270 0.060858061945 0.321455025366
271 0.0607456739231 0.321435892847
272 0.0606339062591 0.321416899881
273 0.0605227532669 0.321398044948
274 0.060412209333 0.321379326549
275 0.0603022689156 0.321360743204
276 0.0601929265429 0.321342293459
277 0.0600841768126 0.321323975876
278 0.0599760143904 0.321305789042
279 0.0598684340089 0.321287731561
280 0.0597614304667 0.321269802058
281 0.0596549986272 0.321251999177
282 0.0595491334175 0.321234321581
283 0.0594438298278 0.321216767953
284 0.0593390829097 0.321199336993
285 0.0592348877759 0.321182027419
286 0.0591312395989 0.321164837968
287 0.0590281336101 0.321147767393
288 0.0589255650989 0.321130814467
289 0.0588235294118 0.321113977975
290 0.0587220219515 0.321097256724
291 0.0586210381761 0.321080649534
292 0.0585205735981 0.321064155241
293 0.0584206237837 0.321047772699
294 0.058321184352 0.321031500775
295 0.058222250974 0.321015338353
296 0.0581238193719 0.32099928433
297 0.0580258853186 0.320983337621
298 0.0579284446363 0.320967497152
299 0.0578314931966 0.320951761866
300 0.057735026919 0.320936130718
301 0.0576390417704 0.320920602677
302 0.0575435337648 0.320905176727
303 0.0574484989621 0.320889851865
304 0.0573539334676 0.320874627099
305 0.0572598334314 0.320859501452
306 0.0571661950475 0.32084447396
307 0.0570730145535 0.32082954367
308 0.0569802882298 0.320814709641
309 0.0568880123989 0.320799970946
310 0.0567961834247 0.320785326669
311 0.0567047977124 0.320770775906
312 0.0566138517072 0.320756317763
313 0.0565233418944 0.320741951358
314 0.0564332647983 0.320727675822
315 0.0563436169819 0.320713490295
316 0.0562543950463 0.320699393928
317 0.0561655956302 0.320685385883
318 0.0560772154092 0.320671465334
319 0.0559892510956 0.320657631461
320 0.0559016994375 0.32064388346
321 0.0558145572186 0.320630220531
322 0.0557278212575 0.320616641889
323 0.0556414884075 0.320603146755
324 0.0555555555556 0.320589734361
325 0.0554700196225 0.32057640395
326 0.0553848775622 0.32056315477
327 0.0553001263609 0.320549986083
328 0.0552157630374 0.320536897157
329 0.055131784642 0.320523887269
330 0.0550481882563 0.320510955706
331 0.0549649709929 0.320498101761
332 0.0548821299948 0.32048532474
333 0.0547996624351 0.320472623952
334 0.0547175655165 0.320459998718
335 0.0546358364708 0.320447448366
336 0.054554472559 0.320434972231
337 0.0544734710703 0.320422569657
338 0.054392829322 0.320410239995
339 0.0543125446594 0.320397982604
340 0.0542326144547 0.32038579685
341 0.0541530361074 0.320373682108
342 0.0540738070436 0.320361637759
343 0.0539949247156 0.320349663189
344 0.0539163866017 0.320337757796
345 0.0538381902058 0.320325920981
346 0.053760333057 0.320314152153
347 0.0536828127095 0.320302450728
348 0.0536056267419 0.320290816129
349 0.0535287727572 0.320279247785
350 0.0534522483825 0.320267745131
351 0.0533760512684 0.32025630761
352 0.0533001790889 0.32024493467
353 0.0532246295412 0.320233625765
354 0.0531494003453 0.320222380357
355 0.0530744892434 0.320211197911
356 0.0529998940003 0.320200077901
357 0.0529256124025 0.320189019804
358 0.0528516422582 0.320178023107
359 0.0527779813969 0.320167087297
360 0.0527046276695 0.320156211872
361 0.0526315789474 0.320145396331
362 0.0525588331228 0.320134640183
363 0.0524863881081 0.320123942939
364 0.0524142418361 0.320113304117
365 0.052342392259 0.320102723238
366 0.0522708373489 0.320092199832
367 0.0521995750972 0.320081733431
368 0.0521286035143 0.320071323573
369 0.0520579206295 0.320060969801
370 0.051987524491 0.320050671664
371 0.0519174131651 0.320040428713
372 0.0518475847365 0.320030240507
373 0.0517780373078 0.320020106607
374 0.0517087689995 0.320010026581
375 0.0516397779494 0.32
376 0.0515710623129 0.31999002644
377 0.0515026202625 0.319980105482
378 0.0514344499874 0.319970236711
379 0.0513665496938 0.319960419716
380 0.0512989176043 0.31995065409
381 0.0512315519579 0.319940939432
382 0.0511644510097 0.319931275343
383 0.0510976130308 0.319921661429
384 0.051031036308 0.319912097302
385 0.0509647191438 0.319902582574
386 0.0508986598559 0.319893116865
387 0.0508328567775 0.319883699796
388 0.0507673082567 0.319874330994
389 0.0507020126563 0.319865010088
390 0.0506369683542 0.319855736712
391 0.0505721737424 0.319846510504
392 0.0505076272276 0.319837331103
393 0.0504433272305 0.319828198156
394 0.050379272186 0.31981911131
395 0.0503154605427 0.319810070218
396 0.050251890763 0.319801074533
397 0.0501885613228 0.319792123916
398 0.0501254707117 0.319783218029
399 0.0500626174322 0.319774356536
400 0.05 0.319765539106
401 0.0499376169439 0.319756765413
402 0.0498754668054 0.319748035131
403 0.0498135481387 0.319739347939
404 0.0497518595105 0.319730703518
405 0.0496903995 0.319722101554
406 0.0496291666985 0.319713541735
407 0.0495681597097 0.31970502375
408 0.0495073771488 0.319696547296
409 0.0494468176434 0.319688112068
410 0.0493864798325 0.319679717766
411 0.0493263623667 0.319671364094
412 0.0492664639082 0.319663050757
413 0.0492067831305 0.319654777464
414 0.0491473187183 0.319646543925
415 0.0490880693674 0.319638349856
416 0.0490290337845 0.319630194973
417 0.0489702106874 0.319622078995
418 0.0489115988045 0.319614001645
419 0.0488531968746 0.319605962648
420 0.0487950036474 0.319597961731
421 0.0487370178829 0.319589998625
422 0.0486792383511 0.319582073061
423 0.0486216638326 0.319574184775
424 0.0485642931179 0.319566333504
425 0.0485071250073 0.31955851899
426 0.0484501583112 0.319550740973
427 0.0483933918496 0.319542999199
428 0.0483368244523 0.319535293416
429 0.0482804549585 0.319527623372
430 0.048224282217 0.31951998882
431 0.0481683050859 0.319512389515
432 0.0481125224325 0.319504825211
433 0.0480569331332 0.319497295669
434 0.0480015360737 0.319489800649
435 0.0479463301485 0.319482339914
436 0.0478913142611 0.31947491323
437 0.0478364873235 0.319467520364
438 0.0477818482567 0.319460161085
439 0.0477273959903 0.319452835165
440 0.0476731294623 0.319445542378
441 0.047619047619 0.3194382825
442 0.0475651494154 0.319431055308
443 0.0475114338146 0.319423860582
444 0.0474578997876 0.319416698103
445 0.047404546314 0.319409567656
446 0.047351372381 0.319402469026
447 0.047298376984 0.319395402
448 0.0472455591262 0.319388366368
449 0.0471929178183 0.319381361922
450 0.0471404520791 0.319374388453
451 0.0470881609348 0.319367445758
452 0.0470360434192 0.319360533633
453 0.0469840985735 0.319353651877
454 0.0469323254464 0.319346800289
455 0.0468807230938 0.319339978672
456 0.0468292905791 0.319333186829
457 0.0467780269725 0.319326424567
458 0.0467269313516 0.319319691692
459 0.0466760028009 0.319312988013
460 0.046625240412 0.319306313341
461 0.0465746432833 0.319299667487
462 0.0465242105199 0.319293050266
463 0.046473941234 0.319286461493
464 0.0464238345443 0.319279900984
465 0.046373889576 0.319273368559
466 0.0463241054612 0.319266864037
467 0.0462744813383 0.31926038724
468 0.0462250163521 0.319253937991
469 0.046175709654 0.319247516115
470 0.0461265604014 0.319241121438
471 0.0460775677584 0.319234753787
472 0.0460287308949 0.319228412991
473 0.0459800489872 0.319222098882
474 0.0459315212175 0.31921581129
475 0.0458831467741 0.319209550048
476 0.0458349248514 0.319203314993
477 0.0457868546496 0.319197105959
478 0.0457389353746 0.319190922785
479 0.0456911662385 0.319184765308
480 0.0456435464588 0.31917863337
481 0.0455960752588 0.319172526811
482 0.0455487518674 0.319166445475
483 0.0455015755193 0.319160389205
484 0.0454545454545 0.319154357846
485 0.0454076609186 0.319148351246
486 0.0453609211627 0.319142369252
487 0.0453143254429 0.319136411713
488 0.0452678730213 0.31913047848
489 0.0452215631646 0.319124569404
490 0.0451753951453 0.319118684338
491 0.0451293682407 0.319112823136
492 0.0450834817334 0.319106985653
493 0.0450377349111 0.319101171745
494 0.0449921270666 0.319095381271
495 0.0449466574975 0.319089614087
496 0.0449013255067 0.319083870055
497 0.0448561304016 0.319078149034
498 0.0448110714948 0.319072450888
499 0.0447661481036 0.319066775479
500 0.04472135955 0.319061122671
501 0.0446767051609 0.31905549233
502 0.0446321842677 0.319049884321
503 0.0445877962068 0.319044298513
504 0.0445435403187 0.319038734773
505 0.044499415949 0.319033192972
506 0.0444554224474 0.319027672979
507 0.0444115591684 0.319022174667
508 0.0443678254708 0.319016697907
509 0.0443242207178 0.319011242573
510 0.044280744277 0.31900580854
511 0.0442373955204 0.319000395683
512 0.0441941738242 0.318995003879
513 0.0441510785688 0.318989633005
514 0.0441081091391 0.31898428294
515 0.0440652649239 0.318978953562
516 0.0440225453163 0.318973644752
517 0.0439799497134 0.318968356392
518 0.0439374775164 0.318963088362
519 0.0438951281306 0.318957840547
520 0.0438529009654 0.31895261283
521 0.0438107954338 0.318947405095
522 0.0437688109532 0.318942217229
523 0.0437269469447 0.318937049118
524 0.0436852028331 0.31893190065
525 0.0436435780472 0.318926771711
526 0.0436020720197 0.318921662193
527 0.0435606841869 0.318916571984
528 0.0435194139889 0.318911500976
529 0.0434782608696 0.318906449059
530 0.0434372242763 0.318901416127
531 0.0433963036603 0.318896402072
532 0.0433554984762 0.318891406788
533 0.0433148081824 0.318886430171
534 0.0432742322408 0.318881472115
535 0.0432337701167 0.318876532518
536 0.0431934212791 0.318871611276
537 0.0431531852002 0.318866708287
538 0.0431130613559 0.318861823449
539 0.0430730492254 0.318856956663
540 0.0430331482912 0.318852107828
541 0.0429933580392 0.318847276846
542 0.0429536779588 0.318842463617
543 0.0429141075423 0.318837668044
544 0.0428746462856 0.31883289003
545 0.0428352936878 0.318828129479
546 0.0427960492511 0.318823386295
547 0.0427569124809 0.318818660383
548 0.0427178828858 0.31881395165
549 0.0426789599776 0.318809260001
550 0.0426401432711 0.318804585344
551 0.0426014322842 0.318799927587
552 0.0425628265379 0.318795286638
553 0.0425243255563 0.318790662407
554 0.0424859288662 0.318786054802
555 0.0424476359978 0.318781463736
556 0.042409446484 0.318776889118
557 0.0423713598607 0.318772330861
558 0.0423333756667 0.318767788877
559 0.0422954934438 0.318763263079
560 0.0422577127364 0.318758753381
561 0.0422200330921 0.318754259697
562 0.042182454061 0.318749781941
563 0.0421449751961 0.31874532003
564 0.0421075960533 0.318740873879
565 0.0420703161912 0.318736443404
566 0.0420331351709 0.318732028524
567 0.0419960525566 0.318727629156
568 0.0419590679148 0.318723245218
569 0.041922180815 0.318718876629
570 0.0418853908292 0.31871452331
571 0.0418486975319 0.318710185179
572 0.0418121005004 0.318705862157
573 0.0417755993144 0.318701554167
574 0.0417391935565 0.318697261129
575 0.0417028828114 0.318692982965
576 0.0416666666667 0.3186887196
577 0.0416305447122 0.318684470955
578 0.0415945165404 0.318680236955
579 0.0415585817462 0.318676017524
580 0.0415227399269 0.318671812588
581 0.0414869906823 0.318667622071
582 0.0414513336145 0.3186634459
583 0.0414157683281 0.318659284
584 0.0413802944301 0.3186551363
585 0.0413449115297 0.318651002726
586 0.0413096192386 0.318646883207
587 0.0412744171706 0.31864277767
588 0.0412393049421 0.318638686046
589 0.0412042821715 0.318634608262
590 0.0411693484796 0.31863054425
591 0.0411345034895 0.318626493939
592 0.0410997468263 0.31862245726
593 0.0410650781177 0.318618434145
594 0.0410304969931 0.318614424525
595 0.0409960030845 0.318610428332
596 0.040961596026 0.3186064455
597 0.0409272754535 0.318602475961
598 0.0408930410055 0.318598519649
599 0.0408588923223 0.318594576498
600 0.0408248290464 0.318590646441
601 0.0407908508224 0.318586729416
602 0.040756957297 0.318582825355
603 0.0407231481188 0.318578934196
604 0.0406894229386 0.318575055874
605 0.0406557814091 0.318571190326
606 0.0406222231851 0.318567337489
607 0.0405887479234 0.3185634973
608 0.0405553552827 0.318559669698
609 0.0405220449237 0.318555854619
610 0.0404888165089 0.318552052004
611 0.0404556697031 0.318548261791
612 0.0404226041727 0.318544483919
613 0.0403896195861 0.318540718329
614 0.0403567156136 0.318536964959
615 0.0403238919273 0.318533223752
616 0.0402911482013 0.318529494649
617 0.0402584841114 0.318525777589
618 0.0402258993355 0.318522072516
619 0.0401933935529 0.31851837937
620 0.0401609664451 0.318514698096
621 0.0401286176953 0.318511028635
622 0.0400963469882 0.318507370931
623 0.0400641540108 0.318503724928
624 0.0400320384513 0.318500090569
625 0.04 0.318496467798
626 0.0399680383489 0.318492856561
627 0.0399361531915 0.318489256802
628 0.0399043442234 0.318485668467
629 0.0398726111414 0.318482091502
630 0.0398409536445 0.318478525852
631 0.0398093714329 0.318474971463
632 0.0397778642088 0.318471428283
633 0.0397464316759 0.318467896259
634 0.0397150735395 0.318464375338
635 0.0396837895066 0.318460865468
636 0.0396525792859 0.318457366597
637 0.0396214425875 0.318453878672
638 0.0395903791232 0.318450401644
639 0.0395593886065 0.318446935461
640 0.0395284707521 0.318443480071
641 0.0394976252767 0.318440035426
642 0.0394668518982 0.318436601475
643 0.0394361503363 0.318433178168
644 0.039405520312 0.318429765455
645 0.0393749615479 0.318426363289
646 0.0393444737682 0.318422971619
647 0.0393140566985 0.318419590397
648 0.0392837100659 0.318416219576
649 0.0392534335989 0.318412859107
650 0.0392232270276 0.318409508942
651 0.0391930900835 0.318406169035
652 0.0391630224994 0.318402839337
653 0.0391330240097 0.318399519804
654 0.0391030943503 0.318396210387
655 0.0390732332582 0.318392911042
656 0.0390434404722 0.318389621721
657 0.039013715732 0.318386342379
658 0.0389840587793 0.318383072972
659 0.0389544693566 0.318379813453
660 0.0389249472081 0.318376563779
661 0.0388954920792 0.318373323904
662 0.0388661037168 0.318370093784
663 0.038836781869 0.318366873376
664 0.0388075262853 0.318363662636
665 0.0387783367165 0.318360461519
666 0.0387492129146 0.318357269984
667 0.0387201546331 0.318354087986
668 0.0386911616267 0.318350915484
669 0.0386622336514 0.318347752434
670 0.0386333704643 0.318344598795
671 0.0386045718241 0.318341454525
672 0.0385758374905 0.318338319582
673 0.0385471672246 0.318335193924
674 0.0385185607886 0.318332077511
675 0.038490017946 0.318328970302
676 0.0384615384615 0.318325872255
677 0.0384331221012 0.31832278333
678 0.0384047686321 0.318319703487
679 0.0383764778227 0.318316632687
680 0.0383482494424 0.318313570888
681 0.038320083262 0.318310518053
682 0.0382919790534 0.318307474141
683 0.0382639365897 0.318304439113
684 0.0382359556451 0.318301412931
685 0.038208035995 0.318298395555
686 0.0381801774161 0.318295386949
687 0.0381523796858 0.318292387072
688 0.0381246425832 0.318289395888
689 0.038096965888 0.318286413359
690 0.0380693493813 0.318283439447
691 0.0380417928454 0.318280474115
692 0.0380142960635 0.318277517325
693 0.0379868588199 0.318274569042
694 0.0379594809001 0.318271629228
695 0.0379321620905 0.318268697846
696 0.0379049021789 0.318265774862
697 0.0378777009539 0.318262860238
698 0.0378505582052 0.318259953938
699 0.0378234737236 0.318257055928
700 0.0377964473009 0.318254166172
701 0.03776947873 0.318251284634
702 0.0377425678048 0.31824841128
703 0.0377157143202 0.318245546074
704 0.0376889180722 0.318242688983
705 0.0376621788577 0.318239839971
706 0.0376354964747 0.318236999005
707 0.0376088707222 0.31823416605
708 0.0375823014001 0.318231341072
709 0.0375557883094 0.318228524039
710 0.037529331252 0.318225714916
711 0.0375029300309 0.31822291367
712 0.0374765844498 0.318220120269
713 0.0374502943137 0.318217334678
714 0.0374240594283 0.318214556866
715 0.0373978796003 0.3182117868
716 0.0373717546376 0.318209024448
717 0.0373456843487 0.318206269777
718 0.0373196685431 0.318203522756
719 0.0372937070314 0.318200783352
720 0.037267799625 0.318198051534
721 0.0372419461362 0.318195327271
722 0.0372161463782 0.31819261053
723 0.0371904001653 0.318189901282
724 0.0371647073124 0.318187199495
725 0.0371390676354 0.318184505139
726 0.0371134809513 0.318181818182
727 0.0370879470776 0.318179138594
728 0.0370624658331 0.318176466346
729 0.037037037037 0.318173801406
730 0.0370116605099 0.318171143746
731 0.0369863360728 0.318168493334
732 0.0369610635477 0.318165850142
733 0.0369358427577 0.31816321414
734 0.0369106735263 0.3181605853
735 0.0368855556782 0.31815796359
736 0.0368604890387 0.318155348984
737 0.0368354734342 0.318152741451
738 0.0368105086916 0.318150140964
739 0.0367855946389 0.318147547493
740 0.0367607311047 0.31814496101
741 0.0367359179185 0.318142381488
742 0.0367111549107 0.318139808898
743 0.0366864419124 0.318137243211
744 0.0366617787553 0.318134684402
745 0.0366371652724 0.318132132441
746 0.0366126012969 0.318129587301
747 0.0365880866632 0.318127048955
748 0.0365636212064 0.318124517377
749 0.0365392047621 0.318121992538
750 0.036514837167 0.318119474412
751 0.0364905182584 0.318116962972
752 0.0364662478745 0.318114458192
753 0.036442025854 0.318111960045
754 0.0364178520365 0.318109468505
755 0.0363937262623 0.318106983545
756 0.0363696483727 0.31810450514
757 0.0363456182092 0.318102033264
758 0.0363216356146 0.318099567891
759 0.036297700432 0.318097108995
760 0.0362738125055 0.318094656551
761 0.0362499716797 0.318092210534
762 0.0362261778001 0.318089770917
763 0.0362024307128 0.318087337677
764 0.0361787302646 0.318084910788
765 0.0361550763031 0.318082490226
766 0.0361314686765 0.318080075965
767 0.0361079072337 0.318077667981
768 0.0360843918244 0.31807526625
769 0.0360609222987 0.318072870747
770 0.0360374985078 0.318070481448
771 0.0360141203033 0.31806809833
772 0.0359907875374 0.318065721367
773 0.0359675000633 0.318063350537
774 0.0359442577345 0.318060985815
775 0.0359210604054 0.318058627178
776 0.0358979079309 0.318056274603
777 0.0358748001667 0.318053928066
778 0.0358517369691 0.318051587544
779 0.035828718195 0.318049253014
780 0.035805743702 0.318046924453
781 0.0357828133482 0.318044601838
782 0.0357599269926 0.318042285146
783 0.0357370844946 0.318039974354
784 0.0357142857143 0.318037669441
785 0.0356915305124 0.318035370384
786 0.0356688187503 0.31803307716
787 0.03564615029 0.318030789748
788 0.035623524994 0.318028508124
789 0.0356009427254 0.318026232268
790 0.0355784033482 0.318023962157
791 0.0355559067267 0.318021697771
792 0.0355334527259 0.318019439086
793 0.0355110412114 0.318017186081
794 0.0354886720494 0.318014938736
795 0.0354663451066 0.318012697029
796 0.0354440602504 0.318010460939
797 0.0354218173488 0.318008230444
798 0.0353996162702 0.318006005523
799 0.0353774568839 0.318003786157
800 0.0353553390593 0.318001572323
801 0.0353332626669 0.317999364002
802 0.0353112275773 0.317997161172
803 0.035289233662 0.317994963814
804 0.0352672807929 0.317992771907
805 0.0352453688425 0.31799058543
806 0.0352234976838 0.317988404364
807 0.0352016671904 0.317986228689
808 0.0351798772365 0.317984058384
809 0.0351581276967 0.317981893429
810 0.0351364184463 0.317979733806
811 0.035114749361 0.317977579493
812 0.0350931203172 0.317975430473
813 0.0350715311916 0.317973286724
814 0.0350499818616 0.317971148228
815 0.0350284722052 0.317969014966
816 0.0350070021007 0.317966886918
817 0.0349855714271 0.317964764066
818 0.0349641800638 0.317962646389
819 0.0349428278907 0.31796053387
820 0.0349215147885 0.317958426489
821 0.034900240638 0.317956324229
822 0.0348790053208 0.317954227069
823 0.0348578087188 0.317952134992
824 0.0348366507146 0.317950047979
825 0.0348155311911 0.317947966012
826 0.034794450032 0.317945889072
827 0.034773407121 0.317943817142
828 0.0347524023428 0.317941750202
829 0.0347314355824 0.317939688236
830 0.034710506725 0.317937631226
831 0.0346896156568 0.317935579152
832 0.0346687622641 0.317933531999
833 0.0346479464338 0.317931489747
834 0.0346271680532 0.31792945238
835 0.0346064270103 0.31792741988
836 0.0345857231933 0.317925392229
837 0.034565056491 0.31792336941
838 0.0345444267927 0.317921351407
839 0.034523833988 0.317919338201
840 0.0345032779671 0.317917329775
841 0.0344827586207 0.317915326114
842 0.0344622758398 0.317913327199
843 0.0344418295159 0.317911333013
844 0.0344214195411 0.317909343541
845 0.0344010458077 0.317907358766
846 0.0343807082086 0.31790537867
847 0.0343604066372 0.317903403237
848 0.0343401409872 0.317901432452
849 0.0343199111527 0.317899466296
850 0.0342997170285 0.317897504755
851 0.0342795585096 0.317895547812
852 0.0342594354914 0.31789359545
853 0.0342393478699 0.317891647654
854 0.0342192955415 0.317889704408
855 0.0341992784028 0.317887765696
856 0.0341792963512 0.317885831501
857 0.0341593492843 0.317883901809
858 0.0341394370999 0.317881976603
859 0.0341195596967 0.317880055868
860 0.0340997169735 0.317878139588
861 0.0340799088295 0.317876227748
862 0.0340601351645 0.317874320332
863 0.0340403958785 0.317872417326
864 0.034020690872 0.317870518713
865 0.0340010200459 0.317868624478
866 0.0339813833015 0.317866734607
867 0.0339617805406 0.317864849085
868 0.0339422116651 0.317862967896
869 0.0339226765776 0.317861091025
870 0.033903175181 0.317859218458
871 0.0338837073786 0.31785735018
872 0.0338642730739 0.317855486175
873 0.0338448721711 0.317853626431
874 0.0338255045746 0.317851770931
875 0.0338061701891 0.317849919661
876 0.03378686892 0.317848072607
877 0.0337676006727 0.317846229755
878 0.0337483653531 0.31784439109
879 0.0337291628677 0.317842556598
880 0.0337099931232 0.317840726265
881 0.0336908560265 0.317838900076
882 0.0336717514851 0.317837078018
883 0.0336526794068 0.317835260077
884 0.0336336396998 0.317833446238
885 0.0336146322726 0.317831636488
886 0.0335956570342 0.317829830813
887 0.0335767138937 0.317828029199
888 0.0335578027607 0.317826231632
889 0.0335389235453 0.3178244381
890 0.0335200761577 0.317822648587
891 0.0335012605086 0.317820863082
892 0.0334824765091 0.31781908157
893 0.0334637240705 0.317817304038
894 0.0334450031045 0.317815530472
895 0.0334263135232 0.31781376086
896 0.0334076552391 0.317811995189
897 0.0333890281647 0.317810233444
898 0.0333704322133 0.317808475613
899 0.0333518672983 0.317806721683
900 0.0333333333333 0.317804971641
901 0.0333148302326 0.317803225475
902 0.0332963579106 0.31780148317
903 0.033277916282 0.317799744715
904 0.0332595052619 0.317798010096
905 0.0332411247657 0.317796279302
906 0.0332227747093 0.317794552319
907 0.0332044550085 0.317792829134
908 0.03318616558 0.317791109736
909 0.0331679063403 0.317789394112
910 0.0331496772066 0.317787682249
911 0.0331314780961 0.317785974135
912 0.0331133089266 0.317784269757
913 0.0330951696161 0.317782569105
914 0.0330770600828 0.317780872164
915 0.0330589802454 0.317779178924
916 0.0330409300228 0.317777489371
917 0.0330229093342 0.317775803495
918 0.0330049180992 0.317774121282
919 0.0329869562377 0.317772442722
920 0.0329690236698 0.317770767802
921 0.0329511203159 0.31776909651
922 0.0329332460969 0.317767428835
923 0.0329154009338 0.317765764765
924 0.032897584748 0.317764104288
925 0.0328797974611 0.317762447393
926 0.032862038995 0.317760794067
927 0.0328443092721 0.3177591443
928 0.0328266082149 0.31775749808
929 0.0328089357462 0.317755855396
930 0.0327912917892 0.317754216236
931 0.0327736762672 0.317752580588
932 0.032756089104 0.317750948442
933 0.0327385302236 0.317749319787
934 0.0327209995502 0.317747694611
935 0.0327034970084 0.317746072902
936 0.032686022523 0.317744454651
937 0.0326685760192 0.317742839846
938 0.0326511574224 0.317741228475
939 0.0326337666582 0.317739620529
940 0.0326164036527 0.317738015995
941 0.0325990683319 0.317736414864
942 0.0325817606226 0.317734817124
943 0.0325644804513 0.317733222765
944 0.0325472277452 0.317731631775
945 0.0325300024316 0.317730044145
946 0.0325128044381 0.317728459863
947 0.0324956336926 0.31772687892
948 0.0324784901231 0.317725301304
949 0.0324613736581 0.317723727005
950 0.0324442842262 0.317722156012
951 0.0324272217563 0.317720588316
952 0.0324101861776 0.317719023905
953 0.0323931774196 0.31771746277
954 0.0323761954119 0.3177159049
955 0.0323592400845 0.317714350285
956 0.0323423113677 0.317712798915
957 0.0323254091918 0.317711250779
958 0.0323085334876 0.317709705868
959 0.032291684186 0.317708164171
960 0.0322748612184 0.317706625678
961 0.0322580645161 0.317705090381
962 0.032241294011 0.317703558267
963 0.0322245496349 0.317702029328
964 0.03220783132 0.317700503554
965 0.032191138999 0.317698980935
966 0.0321744726044 0.317697461461
967 0.0321578320692 0.317695945122
968 0.0321412173267 0.317694431909
969 0.0321246283102 0.317692921812
970 0.0321080649534 0.317691414822
971 0.0320915271903 0.317689910928
972 0.032075014955 0.317688410122
973 0.0320585281819 0.317686912394
974 0.0320420668056 0.317685417734
975 0.032025630761 0.317683926133
976 0.0320092199832 0.317682437581
977 0.0319928344075 0.31768095207
978 0.0319764739696 0.31767946959
979 0.031960138605 0.317677990131
980 0.03194382825 0.317676513685
981 0.0319275428407 0.317675040242
982 0.0319112823136 0.317673569793
983 0.0318950466055 0.317672102329
984 0.0318788356532 0.317670637841
985 0.0318626493939 0.31766917632
986 0.0318464877649 0.317667717757
987 0.031830350704 0.317666262142
988 0.0318142381488 0.317664809468
989 0.0317981500374 0.317663359724
990 0.0317820863082 0.317661912903
991 0.0317660468995 0.317660468995
992 0.03175003175 0.317659027992
993 0.0317340407988 0.317657589884
994 0.0317180739848 0.317656154663
995 0.0317021312474 0.317654722321
996 0.0316862125262 0.317653292849
997 0.031670317761 0.317651866238
998 0.0316544468916 0.317650442479
999 0.0316385998584 0.317649021565
1000 0.0316227766017 0.317647603485
