z exact normal
-4 1.02164783513e-05 0.000133830225765
-3.98 1.16284323121e-05 0.000144947560424
-3.96 1.32210686964e-05 0.000156925634066
-3.94 1.50155254501e-05 0.000169825599429
-3.92 1.70351590823e-05 0.000183712498002
-3.9 1.93057472111e-05 0.000198655471393
-3.88 2.1855706264e-05 0.0002147279815
-3.86 2.47163251248e-05 0.000232008039657
-3.84 2.79220155309e-05 0.000250578444891
-3.82 3.15105800261e-05 0.000270527031462
-3.8 3.55234982786e-05 0.000291946925791
-3.78 4.0006232567e-05 0.000314936812908
-3.76 4.50085532327e-05 0.000339601212484
-3.74 5.058488488e-05 0.000366050764557
-3.72 5.67946740908e-05 0.000394402524969
-3.7 6.37027793914e-05 0.000424780270551
-3.68 7.13798841824e-05 0.00045731481406
-3.66 7.99029333015e-05 0.000492144328833
-3.64 8.9355593846e-05 0.000529414683095
-3.62 9.9828740828e-05 0.000569279783834
-3.6 0.000111420968177 0.000611901930114
-3.58 0.000124239125532 0.000657452175655
-3.56 0.000138398881196 0.000706110700488
-3.54 0.000154025311523 0.000758067191429
-3.52 0.000171253516947 0.000813521231082
-3.5 0.0001902292647 0.000872682695046
-3.48 0.000211109658227 0.000935772156927
-3.46 0.000234063833112 0.00100302130073
-3.44 0.000259273679247 0.00107467334015
-3.42 0.000286934588795 0.00115098344418
-3.4 0.000317256229393 0.00123221916847
-3.38 0.000350463341812 0.00131866089182
-3.36 0.000386796561193 0.00141060225694
-3.34 0.000426513260748 0.00150835061485
-3.32 0.000469888416634 0.00161222747198
-3.3 0.00051721549254 0.00172256893905
-3.28 0.000568807342274 0.00183972618082
-3.26 0.000624997128478 0.0019640658655
-3.24 0.000686139255325 0.00209597061286
-3.22 0.000752610312882 0.00223583943969
-3.2 0.000824810030548 0.00238408820146
-3.18 0.000903162236769 0.00254115002873
-3.16 0.000988115821983 0.00270747575684
-3.14 0.00108014570152 0.0028835343476
-3.12 0.00117975377493 0.0030698133011
-3.1 0.00128746987797 0.0032668190562
-3.08 0.00140385272326 0.00347507737785
-3.06 0.00152949082541 0.00369513372956
-3.04 0.00166500340604 0.00392755362892
-3.02 0.00181104127418 0.00417292298452
-3 0.00196828767701 0.00443184841194
-2.98 0.00213745911582 0.00470495752693
-2.96 0.00231930612209 0.00499289921361
-2.94 0.00251461398786 0.00529634386531
-2.92 0.00272420344513 0.00561598359599
-2.9 0.00294893128809 0.00595253241978
-2.88 0.00318969093262 0.00630672639627
-2.86 0.00344741290664 0.0066793237392
-2.84 0.00372306526552 0.00707110488602
-2.82 0.00401765392597 0.00748287252578
-2.8 0.00433222291248 0.00791545158298
-2.78 0.00466785450984 0.00836968915465
-2.76 0.00502566931543 0.00884645439824
-2.74 0.00540682618529 0.00934663836761
-2.72 0.00581252206748 0.00987115379475
-2.7 0.00624399171695 0.0104209348144
-2.68 0.00670250728584 0.0109969366294
-2.66 0.00718937778343 0.0116001351137
-2.64 0.00770594840037 0.0122315263513
-2.62 0.00825359969159 0.0128921261079
-2.6 0.00883374661306 0.0135829692337
-2.58 0.00944783740761 0.0143051089941
-2.56 0.0100973523354 0.0150596163274
-2.54 0.0107838022447 0.0158475790254
-2.52 0.0115087269807 0.0166701008374
-2.5 0.0122736936267 0.0175283004936
-2.48 0.0130802945779 0.0184233106469
-2.46 0.0139301454437 0.0193562767317
-2.44 0.0148248827774 0.0203283557382
-2.42 0.015766161633 0.0213407148999
-2.4 0.0167556529477 0.0223945302948
-2.38 0.0177950407507 0.0234909853582
-2.36 0.0188860192002 0.0246312693064
-2.34 0.0200302894482 0.0258165754716
-2.32 0.0212295563379 0.0270480995469
-2.3 0.022485524934 0.0283270377416
-2.28 0.023799896893 0.0296545848473
-2.26 0.0251743666747 0.031031932215
-2.24 0.0266106176024 0.0324602656437
-2.22 0.0281103177778 0.0339407631824
-2.2 0.0296751158566 0.0354745928462
-2.18 0.0313066366926 0.0370629102478
-2.16 0.0330064768596 0.0387068561475
-2.14 0.0347762000598 0.0404075539229
-2.12 0.0366173324281 0.0421661069618
-2.1 0.038531357744 0.0439835959804
-2.08 0.0405197125618 0.0458610762711
-2.06 0.0425837812715 0.0477995748821
-2.04 0.0447248911032 0.0498000877351
-2.02 0.046944307088 0.0518635766828
-2 0.04924322699 0.0539909665132
-1.98 0.0516227762233 0.0561831419039
-1.96 0.0540840027697 0.0584409443335
-1.94 0.0566278721123 0.0607651689546
-1.92 0.0592552622003 0.0631565614352
-1.9 0.061966958463 0.0656158147747
-1.88 0.0647636488876 0.068143566101
-1.86 0.0676459191791 0.070740393457
-1.84 0.0706142480189 0.0734068125817
-1.82 0.0736690024389 0.0761432736962
-1.8 0.0768104333288 0.0789501583009
-1.78 0.0800386710938 0.0818277759921
-1.76 0.0833537214798 0.084776361308
-1.74 0.0867554615824 0.0877960706109
-1.72 0.0902436360577 0.0908869790163
-1.7 0.0938178535509 0.0940490773769
-1.68 0.0974775833577 0.0972822693315
-1.66 0.101222152337 0.100586368428
-1.64 0.105050742085 0.103961095329
-1.62 0.108962386393 0.107406075113
-1.6 0.112955968998 0.110920834679
-1.58 0.117030221631 0.114504800259
-1.56 0.121183722401 0.11815729506
-1.54 0.125414894493 0.121877537032
-1.52 0.129722005221 0.125664636789
-1.5 0.134103165422 0.129517595666
-1.48 0.138556329217 0.133435303951
-1.46 0.143079294141 0.137416539282
-1.44 0.147669701639 0.141459965225
-1.42 0.152325037954 0.145564130037
-1.4 0.157042635394 0.149727465636
-1.38 0.161819673984 0.153948286763
-1.36 0.166653183518 0.15822479037
-1.34 0.171540045991 0.162555055226
-1.32 0.176476998429 0.166937041742
-1.3 0.181460636102 0.171368592048
-1.28 0.186487416131 0.175847430298
-1.26 0.191553661464 0.180371163227
-1.24 0.196655565237 0.184937280963
-1.22 0.201789195503 0.189543158092
-1.2 0.206950500312 0.194186054983
-1.18 0.212135313155 0.198863119387
-1.16 0.217339358735 0.203571388291
-1.14 0.22255825908 0.208307790047
-1.12 0.227787539955 0.213069146776
-1.1 0.233022637589 0.217852177033
-1.08 0.238258905684 0.222653498752
-1.06 0.243491622684 0.227469632457
-1.04 0.248715999311 0.232297004743
-1.02 0.253927186325 0.237131952019
-1 0.259120282502 0.241970724519
-0.98 0.264290342808 0.246809490567
-0.96 0.269432386747 0.251644341098
-0.94 0.274541406862 0.256471294426
-0.92 0.279612377372 0.26128630125
-0.9 0.284640262908 0.266085249899
-0.88 0.289620027354 0.270863971798
-0.86 0.294546642733 0.275618247153
-0.84 0.299415098148 0.28034381084
-0.82 0.304220408731 0.285036358489
-0.8 0.308957624594 0.289691552761
-0.78 0.313621839744 0.294305029788
-0.76 0.318208200951 0.298872405776
-0.74 0.322711916532 0.303389283756
-0.72 0.327128265042 0.30785126047
-0.7 0.331452603844 0.312253933367
-0.68 0.335680377525 0.316592907711
-0.66 0.339807126159 0.320863803771
-0.64 0.343828493373 0.325062264084
-0.62 0.347740234205 0.329183960771
-0.6 0.35153822274 0.333224602892
-0.58 0.355218459489 0.337179943822
-0.56 0.358777078511 0.34104578863
-0.54 0.362210354242 0.344818001439
-0.52 0.365514708033 0.348492512759
-0.5 0.368686714361 0.352065326764
-0.48 0.371723106717 0.355532528506
-0.46 0.374620783145 0.358890291034
-0.44 0.377376811424 0.362134882413
-0.42 0.379988433882 0.365262672622
-0.4 0.382453071831 0.368270140303
-0.38 0.38476832961 0.371153879359
-0.36 0.386931998235 0.373910605373
-0.34 0.388942058647 0.376537161833
-0.32 0.390796684546 0.379030526153
-0.3 0.39249424482 0.381387815461
-0.28 0.394033305548 0.383606292153
-0.26 0.395412631597 0.385683369192
-0.24 0.396631187788 0.387616615125
-0.22 0.397688139659 0.389403758834
-0.2 0.398582853796 0.391042693975
-0.18 0.399314897767 0.39253148312
-0.16 0.399884039634 0.393868361569
-0.14 0.400290247071 0.395051740835
-0.12 0.400533686078 0.396080211794
-0.1 0.400614719313 0.396952547477
-0.08 0.400533904034 0.397667705512
-0.06 0.400291989674 0.398224830196
-0.04 0.399889915054 0.398623254205
-0.02 0.399328805246 0.398862499924
0 0.398609968091 0.398942280401
0.02 0.397734890404 0.398862499924
0.04 0.396705233851 0.398623254205
0.06 0.395522830537 0.398224830196
0.08 0.394189678312 0.397667705512
0.1 0.392707935802 0.396952547477
0.12 0.391079917187 0.396080211794
0.14 0.389308086754 0.395051740835
0.16 0.387395053213 0.393868361569
0.18 0.385343563823 0.39253148312
0.2 0.383156498328 0.391042693975
0.22 0.380836862719 0.389403758834
0.24 0.378387782856 0.387616615125
0.26 0.375812497945 0.385683369192
0.28 0.373114353903 0.383606292153
0.3 0.370296796628 0.381387815461
0.32 0.367363365183 0.379030526153
0.34 0.364317684915 0.376537161833
0.36 0.361163460534 0.373910605373
0.38 0.357904469152 0.371153879359
0.4 0.354544553319 0.368270140303
0.42 0.351087614054 0.365262672622
0.44 0.347537603898 0.362134882413
0.46 0.34389852 0.358890291034
0.48 0.340174397255 0.355532528506
0.5 0.336369301502 0.352065326764
0.52 0.332487322802 0.348492512759
0.54 0.328532568807 0.344818001439
0.56 0.324509158233 0.34104578863
0.58 0.320421214451 0.337179943822
0.6 0.316272859203 0.333224602892
0.62 0.312068206463 0.329183960771
0.64 0.307811356442 0.325062264084
0.66 0.303506389757 0.320863803771
0.68 0.299157361768 0.316592907711
0.7 0.294768297089 0.312253933367
0.72 0.290343184293 0.30785126047
0.74 0.285885970795 0.303389283756
0.76 0.28140055795 0.298872405776
0.78 0.27689079634 0.294305029788
0.8 0.272360481283 0.289691552761
0.82 0.267813348548 0.285036358489
0.84 0.263253070286 0.28034381084
0.86 0.25868325119 0.275618247153
0.88 0.254107424869 0.270863971798
0.9 0.249529050451 0.266085249899
0.92 0.244951509408 0.26128630125
0.94 0.24037810261 0.256471294426
0.96 0.235812047607 0.251644341098
0.98 0.231256476126 0.246809490567
1 0.226714431804 0.241970724519
1.02 0.222188868138 0.237131952019
1.04 0.217682646653 0.232297004743
1.06 0.213198535288 0.227469632457
1.08 0.208739207001 0.222653498752
1.1 0.204307238579 0.217852177033
1.12 0.199905109654 0.213069146776
1.14 0.195535201927 0.208307790047
1.16 0.191199798582 0.203571388291
1.18 0.186901083896 0.198863119387
1.2 0.182641143037 0.194186054983
1.22 0.17842196204 0.189543158092
1.24 0.174245427959 0.184937280963
1.26 0.170113329193 0.180371163227
1.28 0.166027355962 0.175847430298
1.3 0.161989100956 0.171368592048
1.32 0.158000060121 0.166937041742
1.34 0.154061633591 0.162555055226
1.36 0.15017512676 0.15822479037
1.38 0.146341751477 0.153948286763
1.4 0.142562627367 0.149727465636
1.42 0.138838783264 0.145564130037
1.44 0.135171158754 0.141459965225
1.46 0.131560605817 0.137416539282
1.48 0.128007890565 0.133435303951
1.5 0.124513695063 0.129517595666
1.52 0.121078619231 0.125664636789
1.54 0.117703182823 0.121877537032
1.56 0.114387827463 0.11815729506
1.58 0.111132918752 0.114504800259
1.6 0.107938748415 0.110920834679
1.62 0.104805536508 0.107406075113
1.64 0.101733433652 0.103961095329
1.66 0.0987225233121 0.100586368428
1.68 0.0957728240965 0.0972822693315
1.7 0.0928842920829 0.0940490773769
1.72 0.0900568231603 0.0908869790163
1.74 0.0872902553812 0.0877960706109
1.76 0.0845843713211 0.084776361308
1.78 0.0819389004392 0.0818277759921
1.8 0.0793535214351 0.0789501583009
1.82 0.0768278645974 0.0761432736962
1.84 0.0743615141403 0.0734068125817
1.86 0.0719540105232 0.070740393457
1.88 0.0696048527498 0.068143566101
1.9 0.0673135006431 0.0656158147747
1.92 0.0650793770926 0.0631565614352
1.94 0.0629018702704 0.0607651689546
1.96 0.0607803358134 0.0584409443335
1.98 0.0587140989687 0.0561831419039
2 0.0567024566992 0.0539909665132
2.02 0.0547446797473 0.0518635766828
2.04 0.0528400146549 0.0498000877351
2.06 0.0509876857362 0.0477995748821
2.08 0.049186897004 0.0458610762711
2.1 0.0474368340449 0.0439835959804
2.12 0.0457366658444 0.0421661069618
2.14 0.0440855465594 0.0404075539229
2.16 0.042482617237 0.0387068561475
2.18 0.0409270074797 0.0370629102478
2.2 0.0394178370551 0.0354745928462
2.22 0.0379542174498 0.0339407631824
2.24 0.0365352533675 0.0324602656437
2.26 0.0351600441713 0.031031932215
2.28 0.0338276852682 0.0296545848473
2.3 0.0325372694384 0.0283270377416
2.32 0.0312878881077 0.0270480995469
2.34 0.0300786325635 0.0258165754716
2.36 0.0289085951153 0.0246312693064
2.38 0.0277768702002 0.0234909853582
2.4 0.0266825554328 0.0223945302948
2.42 0.0256247526016 0.0213407148999
2.44 0.0246025686119 0.0203283557382
2.46 0.0236151163758 0.0193562767317
2.48 0.0226615156512 0.0184233106469
2.5 0.0217408938288 0.0175283004936
2.52 0.0208523866712 0.0166701008374
2.54 0.0199951390014 0.0158475790254
2.56 0.0191683053457 0.0150596163274
2.58 0.0183710505284 0.0143051089941
2.6 0.0176025502233 0.0135829692337
2.62 0.0168619914595 0.0128921261079
2.64 0.0161485730861 0.0122315263513
2.66 0.0154615061949 0.0116001351137
2.68 0.0148000145031 0.0109969366294
2.7 0.0141633346979 0.0104209348144
2.72 0.0135507167431 0.00987115379475
2.74 0.0129614241508 0.00934663836761
2.76 0.0123947342178 0.00884645439824
2.78 0.0118499382287 0.00836968915465
2.8 0.0113263416285 0.00791545158298
2.82 0.010823264163 0.00748287252578
2.84 0.0103400399916 0.00707110488602
2.86 0.00987601777154 0.0066793237392
2.88 0.00943056071608 0.00630672639627
2.9 0.00900304662738 0.00595253241978
2.92 0.00859286790574 0.00561598359599
2.94 0.0081994315362 0.00529634386531
2.96 0.0078221590539 0.00499289921361
2.98 0.00746048648928 0.00470495752693
3 0.00711386429447 0.00443184841194
3.02 0.00678175725194 0.00417292298452
3.04 0.00646364436661 0.00392755362892
3.06 0.0061590187424 0.00369513372956
3.08 0.0058673874445 0.00347507737785
3.1 0.00558827134825 0.0032668190562
3.12 0.00532120497565 0.0030698133011
3.14 0.00506573632066 0.0028835343476
3.16 0.00482142666392 0.00270747575684
3.18 0.00458785037815 0.00254115002873
3.2 0.0043645947249 0.00238408820146
3.22 0.0041512596435 0.00223583943969
3.24 0.00394745753319 0.00209597061286
3.26 0.00375281302897 0.0019640658655
3.28 0.00356696277218 0.00183972618082
3.3 0.00338955517631 0.00172256893905
3.32 0.0032202501888 0.00161222747198
3.34 0.00305871904957 0.00150835061485
3.36 0.00290464404674 0.00141060225694
3.38 0.00275771827021 0.00131866089182
3.4 0.0026176453637 0.00123221916847
3.42 0.0024841392757 0.00115098344418
3.44 0.00235692400981 0.00107467334015
3.46 0.00223573337504 0.00100302130073
3.48 0.00212031073646 0.000935772156927
3.5 0.00201040876649 0.000872682695046
3.52 0.00190578919747 0.000813521231082
3.54 0.00180622257566 0.000758067191429
3.56 0.00171148801704 0.000706110700488
3.58 0.00162137296527 0.000657452175655
3.6 0.00153567295214 0.000611901930114
3.62 0.00145419136061 0.000569279783834
3.64 0.00137673919086 0.000529414683095
3.66 0.00130313482942 0.000492144328833
3.68 0.00123320382173 0.00045731481406
3.7 0.00116677864819 0.000424780270551
3.72 0.00110369850393 0.000394402524969
3.74 0.00104380908236 0.000366050764557
3.76 0.000986962362829 0.000339601212484
3.78 0.000933016402202 0.000314936812908
3.8 0.00088183513075 0.000291946925791
3.82 0.00083328815224 0.000270527031462
3.84 0.000787250548379 0.000250578444891
3.86 0.000743602687643 0.000232008039657
3.88 0.000702230038544 0.0002147279815
3.9 0.000663022987361 0.000198655471393
3.92 0.000625876660364 0.000183712498002
3.94 0.000590690750529 0.000169825599429
3.96 0.000557369348767 0.000156925634066
3.98 0.000525820779637 0.000144947560424
4 0.000495957441544 0.000133830225765
4.02 0.000467695651392 0.000123516163341
4.04 0.000440955493666 0.000113951398069
4.06 0.000415660673898 0.00010508526043
4.08 0.000391738376487 9.68702083987e-05
4.1 0.000369119126809 8.92616571771e-05
4.12 0.000347736657587 8.22178165363e-05
4.14 0.000327527779431 7.56995355302e-05
4.16 0.000308432255514 6.96701543692e-05
4.18 0.00029039268031 6.40953632271e-05
4.2 0.000273354362309 5.89430677565e-05
4.22 0.000257265210668 5.41832610895e-05
4.24 0.000242075625691 4.9787902098e-05
4.26 0.000227738393081 4.57307996916e-05
4.28 0.000214208581883 4.19875029316e-05
4.3 0.000201443446027 3.85351967421e-05
4.32 0.000189402329399 3.53526030018e-05
4.34 0.000178046574359 3.24198868042e-05
4.36 0.000167339433608 2.97185676764e-05
4.38 0.000157245985335 2.7231435551e-05
4.4 0.000147733051553 2.49424712901e-05
4.42 0.00013876911954 2.28367715651e-05
4.44 0.000130324266291 2.09004779005e-05
4.46 0.000122370085919 1.91207096928e-05
4.48 0.000114879619896 1.74855010266e-05
4.5 0.000107827290064 1.59837411069e-05
4.52 0.00010118883433 1.46051181392e-05
4.54 9.49412449661e-05 1.33400664904e-05
4.56 8.90627094232e-05 1.21797169703e-05
4.58 8.35325535926e-05 1.11158500782e-05
4.6 7.83311874236e-05 1.01408520655e-05
4.62 7.34400528271e-05 9.24767367001e-06
4.64 6.88415737853e-05 8.42979138323e-06
4.66 6.45191085932e-05 7.68117111725e-06
4.68 6.0456904158e-05 6.99623414327e-06
4.7 5.6640052284e-05 6.36982517887e-06
4.72 5.30544478722e-05 5.79718250636e-06
4.74 4.9686748966e-05 5.2739100096e-06
4.76 4.65243385739e-05 4.79595102155e-06
4.78 4.35552882047e-05 4.35956387967e-06
4.8 4.07683230502e-05 3.96129909103e-06
4.82 3.81527887521e-05 3.59797801352e-06
4.84 3.5698619693e-05 3.26667296399e-06
4.86 3.33963087519e-05 2.96468866855e-06
4.88 3.1236878465e-05 2.68954497427e-06
4.9 2.9211853538e-05 2.43896074589e-06
4.92 2.7313234654e-05 2.21083887457e-06
4.94 2.55334735239e-05 2.00325232995e-06
4.96 2.38654491297e-05 1.81443119018e-06
4.98 2.23024451093e-05 1.64275058805e-06
5 2.08381282358e-05 1.48671951473e-06
