rate n5 n50
0.01 3.10409147326e-06 8.30510463205e-56
0.014 1.57223340819e-05 9.22933060242e-49
0.018 5.20213596049e-05 1.45149981619e-43
0.022 0.000133621058634 1.81446703321e-39
0.026 0.00029011526122 4.22382338454e-36
0.03 0.000558794907859 2.96841350357e-33
0.034 0.000983972775481 8.50806551682e-31
0.038 0.00161602774041 1.21475337719e-28
0.042 0.00251026523488 9.93564612687e-27
0.046 0.0037256722668 5.15283801417e-25
0.05 0.00532362975008 1.82843040123e-23
0.054 0.0073666316042 4.706407407e-22
0.058 0.00991704883083 9.20077725287e-21
0.062 0.0130359673013 1.41720483185e-19
0.066 0.0167821200605 1.77201844188e-18
0.07 0.0212109283626 1.84330317812e-17
0.074 0.0263736602272 1.62818619659e-16
0.078 0.0323167108707 1.2424288499e-15
0.082 0.0390810057977 8.31107732467e-15
0.086 0.0467015244999 4.93526613201e-14
0.09 0.0552069404994 2.62988523863e-13
0.094 0.064619371791 1.26948424759e-12
0.098 0.074954234511 5.59708280177e-12
0.102 0.0862201917978 2.27033448634e-11
0.106 0.098419189272 8.52703080876e-11
0.11 0.111546568272 2.98237422726e-10
0.114 0.125591247913 9.76323532746e-10
0.118 0.140535967119 3.00521028686e-09
0.122 0.156357578026 8.7335205414e-09
0.126 0.173027382474 2.40518440387e-08
0.13 0.190511503713 6.29813621683e-08
0.134 0.208771285952 1.57292372508e-07
0.138 0.227763714848 3.75703616703e-07
0.142 0.2474418526 8.60461782306e-07
0.146 0.267755281856 1.89400214574e-06
0.15 0.288650553165 4.01535494039e-06
0.154 0.310071631295 8.21524161866e-06
0.158 0.331960336215 1.62503215068e-05
0.162 0.354256775097 3.11301811593e-05
0.166 0.376899762147 5.784404213e-05
0.17 0.399827223548 0.000104405556246
0.174 0.422976585246 0.000183300338765
0.178 0.446285141687 0.000313418248856
0.182 0.469690404016 0.000522536791703
0.186 0.493130426564 0.000850389710984
0.19 0.516544110805 0.0013523034143
0.194 0.539871486207 0.00210331299117
0.198 0.563053967682 0.0032025818032
0.202 0.586034589578 0.0047778498988
0.206 0.608758216332 0.00698953620452
0.21 0.631171730111 0.0100340298321
0.214 0.653224195907 0.0141456409191
0.218 0.674867004681 0.0195966552808
0.222 0.696053995296 0.0266949619581
0.226 0.716741556025 0.0357788067145
0.23 0.736888706545 0.0472083700973
0.234 0.756457161353 0.0613540713216
0.238 0.775411375614 0.0785817470669
0.242 0.793718574463 0.0992351286554
0.246 0.811348766821 0.123616318116
0.25 0.828274744788 0.151965216584
0.254 0.844472069686 0.184439060625
0.258 0.859919045795 0.221093349743
0.262 0.874596682857 0.261865483808
0.266 0.888488648353 0.306562362846
0.27 0.901581210562 0.354853033352
0.274 0.913863173382 0.406267204662
0.278 0.92532580384 0.460200124351
0.282 0.935962753206 0.515923918677
0.286 0.945769972558 0.57260510281
0.29 0.954745623636 0.629327577647
0.294 0.962889985756 0.685120085512
0.298 0.970205359524 0.738986821976
0.302 0.976695968028 0.789939714685
0.306 0.982367856183 0.83703079414
0.31 0.987228788807 0.879383098529
0.314 0.991288148003 0.916218669818
0.318 0.994556830356 0.946882398524
0.322 0.997047144431 0.970860741603
0.326 0.998772709002 0.987794649605
0.33 0.999748352401 0.997486371792
0.333333333333 1 1
0.334 0.999990013363 0.99990013812
0.338 0.999514643668 0.995157023661
0.342 0.998340112882 0.983524566742
0.346 0.996485115438 0.965401923987
0.35 0.993969080295 0.941301495633
0.354 0.990812083341 0.911828040278
0.358 0.987034762734 0.877656321221
0.362 0.98265823729 0.839508292665
0.366 0.977704028042 0.798130751758
0.37 0.972193983065 0.754274262467
0.374 0.96615020562 0.708674011166
0.378 0.959594985666 0.662033093097
0.382 0.952550734782 0.615008564428
0.386 0.945039924487 0.568200435868
0.39 0.93708502798 0.522143638445
0.394 0.92870846525 0.477302865797
0.398 0.91993255156 0.434070093796
0.402 0.91077944923 0.392764499457
0.406 0.901271122683 0.353634446774
0.41 0.891429296691 0.316861176266
0.414 0.881275417742 0.282563825078
0.418 0.870830618454 0.250805412513
0.422 0.860115684956 0.221599448263
0.426 0.849151027139 0.194916853778
0.43 0.83795665169 0.17069292768
0.434 0.826552137804 0.148834130584
0.438 0.814956615488 0.12922451037
0.442 0.803188746334 0.111731633572
0.446 0.791266706672 0.0962119301758
0.45 0.779208172998 0.0825153966096
0.454 0.767030309564 0.070489634127
0.458 0.754749758024 0.059983226751
0.462 0.742382629045 0.0508484844319
0.466 0.729944495756 0.0429435932455
0.47 0.717450388957 0.0361342257708
0.474 0.704914793967 0.0302946717748
0.478 0.692351649019 0.0253085526459
0.482 0.679774345106 0.0210691833004
0.486 0.667195727178 0.0174796432032
0.49 0.654628096603 0.0144526142986
0.494 0.642083214795 0.0119100385802
0.498 0.629572307925 0.00978264223282
0.502 0.617106072629 0.00800936712917
0.506 0.604694682636 0.00653674429733
0.51 0.592347796227 0.00531823801975
0.514 0.580074564458 0.00431358366763
0.518 0.567883640074 0.00348813732599
0.522 0.555783187036 0.00281225079508
0.526 0.543780890607 0.00226068168914
0.53 0.531883967922 0.0018120450885
0.534 0.520099178988 0.00144831050958
0.538 0.50843283806 0.00115434579399
0.542 0.496890825324 0.000917507830269
0.546 0.485478598857 0.000727278750312
0.55 0.474201206799 0.000574945327454
0.554 0.463063299696 0.000453318686173
0.558 0.452069142976 0.000356491059618
0.562 0.441222629508 0.000279626151257
0.566 0.430527292223 0.000218779626703
0.57 0.419986316739 0.000170746343469
0.574 0.409602553981 0.000132931087952
0.578 0.399378532744 0.000103239803951
0.582 0.389316472197 7.99885443532e-05
0.586 0.379418294273 6.18276404603e-05
0.59 0.369685635944 4.7678849233e-05
0.594 0.360119861348 3.66834980819e-05
0.598 0.350722073759 2.81598932317e-05
0.602 0.341493127363 2.15684868594e-05
0.606 0.332433638846 1.64835076674e-05
0.61 0.323543998768 1.25699481869e-05
0.614 0.314824382709 9.564969839e-06
0.618 0.306274762184 7.26293425942e-06
0.622 0.297894915304 5.50339777751e-06
0.626 0.289684437194 4.16151669208e-06
0.63 0.28164275014 3.14040575071e-06
0.634 0.273769113473 2.36507270637e-06
0.638 0.266062633177 1.77761967743e-06
0.642 0.258522271229 1.33345887832e-06
0.646 0.251146854649 9.98337614689e-07
0.65 0.243935084279 7.46006613711e-07
0.654 0.236885543271 5.56398015912e-07
0.658 0.2299967053 4.14205773387e-07
0.662 0.223266942492 3.07782731886e-07
0.666 0.216694533069 2.28286141407e-07
0.67 0.21027766872 1.69017446022e-07
0.674 0.204014461691 1.24913546106e-07
0.678 0.197902951603 9.21558087799e-08
0.682 0.191941111996 6.78703463213e-08
0.686 0.186126856613 4.98988375822e-08
0.69 0.180458045413 3.66237230357e-08
0.694 0.174932490329 2.68351969953e-08
0.698 0.169547960775 1.96302444161e-08
0.702 0.164302188901 1.43361815853e-08
0.706 0.159192874601 1.04528868715e-08
0.71 0.154217690293 7.60925160197e-09
0.714 0.149374285455 5.53042373971e-09
0.718 0.144660290945 4.01322345958e-09
0.722 0.140073323092 2.90773162206e-09
0.726 0.135610987575 2.10353037147e-09
0.73 0.131270883097 1.51944179666e-09
0.734 0.127050604851 1.09589102295e-09
0.738 0.122947747792 7.89233980608e-10
0.742 0.118959909721 5.67552785199e-10
0.746 0.11508469418 4.07545103673e-10
0.75 0.111319713174 2.9222730077e-10
0.754 0.107662589719 2.0924169111e-10
0.758 0.104110960225 1.49611342624e-10
0.762 0.100662476719 1.06825790832e-10
0.766 0.0973148089144 7.61709447326e-11
0.77 0.0940656461335 5.42388446451e-11
0.774 0.0909126990877 3.85696338758e-11
0.778 0.087853701521 2.7390543036e-11
0.782 0.0848864117236 1.94259272014e-11
0.786 0.0820086139205 1.37592485757e-11
0.79 0.0792181195394 9.73296787956e-12
0.794 0.0765127683658 6.87605208633e-12
0.798 0.0738904295874 4.85156567634e-12
0.802 0.0713490027353 3.41884232926e-12
0.806 0.0688864185254 2.40622402829e-12
0.81 0.0665006396056 1.69144633685e-12
0.814 0.0641896612126 1.1875470775e-12
0.818 0.0619515117441 8.32758520969e-13
0.822 0.0597842532494 5.83267918367e-13
0.826 0.0576859818438 4.08040141363e-13
0.83 0.0556548280497 2.85120505934e-13
0.834 0.0536889570696 1.98998442318e-13
0.838 0.0517865689944 1.38730319804e-13
0.842 0.0499458989501 9.66047190356e-14
0.846 0.0481652171877 6.71947325323e-14
0.85 0.0464428291183 4.66860009134e-14
0.854 0.0447770752981 3.2400911938e-14
0.858 0.0431663313657 2.24621541138e-14
0.862 0.0416090079352 1.55551288277e-14
0.866 0.0401035504472 1.07603954652e-14
0.87 0.0386484389821 7.43566086502e-15
0.874 0.0372421880365 5.13277096248e-15
0.878 0.0358833462673 3.53939766297e-15
0.882 0.0345704962045 2.43812592227e-15
0.886 0.0333022539352 1.67778489657e-15
0.89 0.0320772687623 1.15338375254e-15
0.894 0.0308942228388 7.92086748592e-16
0.898 0.02975183078 5.43421669218e-16
0.902 0.0286488392563 3.72451996598e-16
0.906 0.0275840265674 2.55021399269e-16
0.91 0.0265562022011 1.74445458446e-16
0.914 0.0255642063763 1.19212871466e-16
0.918 0.0246069095746 8.13899409009e-17
0.922 0.0236832120589 5.5514449378e-17
0.926 0.0227920433834 3.78296766251e-17
0.93 0.0219323618943 2.57545539927e-17
0.934 0.0211031542231 1.75175646112e-17
0.938 0.0203034347744 1.19040610726e-17
0.942 0.0195322452081 8.08205269767e-18
0.946 0.0187886539185 5.48222264447e-18
0.95 0.0180717555095 3.71538158632e-18
0.954 0.0173806702694 2.51573681945e-18
0.958 0.0167145436432 1.70194388017e-18
0.962 0.0160725457055 1.15039422902e-18
0.966 0.0154538706345 7.76913600409e-19
0.97 0.0148577361862 5.24235500632e-19
0.974 0.0142833831715 3.53436069638e-19
0.978 0.0137300749359 2.38083377729e-19
0.982 0.0131970968419 1.60244833478e-19
0.986 0.0126837557561 1.07765241057e-19
0.99 0.0121893795395 7.24129096519e-20
0.994 0.0117133165435 4.86181914238e-20
0.998 0.0112549351107 3.26159441363e-20
1.002 0.0108136230811 2.18631270051e-20
1.006 0.0103887873043 1.46436232865e-20
1.01 0.00997985315801 9.80034833016e-21
1.014 0.0095862640733 6.55381055579e-21
1.018 0.00920748106597 4.37933677941e-21
1.022 0.00884298227543 2.92406852026e-21
1.026 0.00849226251067 1.95089594047e-21
1.03 0.00815483280348 1.30062055212e-21
1.034 0.00783021996933 8.66442258727e-22
1.038 0.00751796617584 5.76771343256e-22
1.042 0.00721762851901 3.83658882827e-22
1.046 0.00692877860737 2.55015658052e-22
1.05 0.00665100215404 1.69383415115e-22
1.054 0.00638389857674 1.12424194878e-22
1.058 0.00612708060587 7.45651572468e-23
1.062 0.0058801739007 4.94198816733e-23
1.066 0.0056428166735 3.27310101921e-23
1.07 0.00541465932187 2.16626393751e-23
1.074 0.00519536406903 1.43271518768e-23
1.078 0.00498460461218 9.46906613742e-24
1.082 0.00478206577881 6.25396514932e-24
1.086 0.00458744319105 4.1276892256e-24
1.09 0.00440044293775 2.72247522942e-24
1.094 0.00422078125454 1.79443797175e-24
1.098 0.00404818421157 1.18195969525e-24
1.102 0.00388238740888 7.78016304408e-25
1.106 0.00372313567951 5.11786271418e-25
1.11 0.00357018279993 3.36437605687e-25
1.114 0.00342329120802 2.21023497523e-25
1.118 0.00328223172827 1.45108346537e-25
1.122 0.00314678330423 9.52068886806e-26
1.126 0.00301673273802 6.24264104435e-26
1.13 0.00289187443685 4.09066884088e-26
1.134 0.00277201016639 2.67884871034e-26
1.138 0.00265694881091 1.7532016601e-26
1.142 0.00254650614 1.1466933043e-26
1.146 0.0024405045819 7.4954251833e-27
1.15 0.0023387730031 4.89644319517e-27
1.154 0.00224114649433 3.19670422233e-27
1.158 0.00214746616254 2.08575500369e-27
1.162 0.00205757892907 1.3600818282e-27
1.166 0.00197133733357 8.86358609321e-28
1.17 0.00188859934376 5.77295728944e-28
1.174 0.00180922817079 3.75779784962e-28
1.178 0.00173309209014 2.44464837507e-28
1.182 0.00166006426793 1.58945785507e-28
1.186 0.00159002259242 1.03283976921e-28
1.19 0.00152284951071 6.70764208706e-29
1.194 0.00145843187046 4.3537296944e-29
1.198 0.00139666076649 2.82429030875e-29
1.202 0.00133743139216 1.8311129216e-29
