mu prior likelihood posterior
-3 0.00443184841194 1.01408520655e-05 3.02143144661e-07
-2.98 0.00470495752693 1.11158500782e-05 3.51602365647e-07
-2.96 0.00499289921361 1.21797169703e-05 4.08830601923e-07
-2.94 0.00529634386531 1.33400664904e-05 4.7499339279e-07
-2.92 0.00561598359599 1.46051181392e-05 5.51422274491e-07
-2.9 0.00595253241978 1.59837411069e-05 6.39637042267e-07
-2.88 0.00630672639627 1.74855010266e-05 7.41370791866e-07
-2.86 0.0066793237392 1.91207096928e-05 8.58598058048e-07
-2.84 0.00707110488602 2.09004779005e-05 9.9356639984e-07
-2.82 0.00748287252578 2.28367715651e-05 1.14883181729e-06
-2.8 0.00791545158298 2.49424712901e-05 1.32729842236e-06
-2.78 0.00836968915465 2.7231435551e-05 1.53226282752e-06
-2.76 0.00884645439824 2.97185676764e-05 1.76746376e-06
-2.74 0.00934663836761 3.24198868042e-05 2.03713745691e-06
-2.72 0.00987115379475 3.53526030018e-05 2.34607944819e-06
-2.7 0.0104209348144 3.85351967421e-05 2.69971338869e-06
-2.68 0.0109969366294 4.19875029316e-05 3.10416766001e-06
-2.66 0.0116001351137 4.57307996916e-05 3.56636052513e-06
-2.64 0.0122315263513 4.9787902098e-05 4.09409468631e-06
-2.62 0.0128921261079 5.41832610895e-05 4.69616216748e-06
-2.6 0.0135829692337 5.89430677565e-05 5.38246051834e-06
-2.58 0.0143051089941 6.40953632271e-05 6.16412141709e-06
-2.56 0.0150596163274 6.96701543692e-05 7.05365283342e-06
-2.54 0.0158475790254 7.56995355302e-05 8.065096002e-06
-2.52 0.0166701008374 8.22178165363e-05 9.21419855026e-06
-2.5 0.0175283004936 8.92616571771e-05 1.05186052218e-05
-2.48 0.0184233106469 9.68702083987e-05 1.19980677386e-05
-2.46 0.0193562767317 0.00010508526043 1.36746754514e-05
-2.44 0.0203283557382 0.000113951398069 1.55731085368e-05
-2.42 0.0213407148999 0.000123516163341 1.77209156136e-05
-2.4 0.0223945302948 0.000133830225765 2.01488177666e-05
-2.38 0.0234909853582 0.000144947560424 2.28910410855e-05
-2.36 0.0246312693064 0.000156925634066 2.59856799475e-05
-2.34 0.0258165754716 0.000169825599429 2.94750933951e-05
-2.32 0.0270480995469 0.000183712498002 3.3406337084e-05
-2.3 0.0283270377416 0.000198655471393 3.78316333983e-05
-2.28 0.0296545848473 0.0002147279815 4.28088824545e-05
-2.26 0.031031932215 0.000232008039657 4.84022168345e-05
-2.24 0.0324602656437 0.000250578444891 5.4682603004e-05
-2.22 0.0339407631824 0.000270527031462 6.17284924875e-05
-2.2 0.0354745928462 0.000291946925791 6.96265259734e-05
-2.18 0.0370629102478 0.000314936812908 7.84722936253e-05
-2.16 0.0387068561475 0.000339601212484 8.83711549601e-05
-2.14 0.0404075539229 0.000366050764557 9.94391217336e-05
-2.12 0.0421661069618 0.000394402524969 0.000111803807338
-2.1 0.0439835959804 0.000424780270551 0.00012560544626
-2.08 0.0458610762711 0.00045731481406 0.000140997987192
-2.06 0.0477995748821 0.000492144328833 0.000158150263366
-2.04 0.0498000877351 0.000529414683095 0.000177247243718
-2.02 0.0518635766828 0.000569279783834 0.000198491368398
-2 0.0539909665132 0.000611901930114 0.000222103972103
-1.98 0.0561831419039 0.000657452175655 0.000248326798609
-1.96 0.0584409443335 0.000706110700488 0.000277423609731
-1.94 0.0607651689546 0.000758067191429 0.00030968189177
-1.92 0.0631565614352 0.000813521231082 0.000345414662309
-1.9 0.0656158147747 0.000872682695046 0.000384962379928
-1.88 0.068143566101 0.000935772156927 0.000428694959133
-1.86 0.070740393457 0.00100302130073 0.000477013892422
-1.84 0.0734068125817 0.00107467334015 0.000530354480993
-1.82 0.0761432736962 0.00115098344418 0.00058918817514
-1.8 0.0789501583009 0.00123221916847 0.000654025024862
-1.78 0.0818277759921 0.00131866089182 0.000725416240575
-1.76 0.084776361308 0.00141060225694 0.000803956863229
-1.74 0.0877960706109 0.00150835061485 0.000890288542322
-1.72 0.0908869790163 0.00161222747198 0.000985102419584
-1.7 0.0940490773769 0.00172256893905 0.00108914211518
-1.68 0.0972822693315 0.00183972618082 0.00120320681235
-1.66 0.100586368428 0.0019640658655 0.00132815443546
-1.64 0.103961095329 0.00209597061286 0.00146490491519
-1.62 0.107406075113 0.00223583943969 0.00161444353359
-1.6 0.110920834679 0.00238408820146 0.00177782434044
-1.58 0.114504800259 0.00254115002873 0.00195617363096
-1.56 0.11815729506 0.00270747575684 0.00215069347374
-1.54 0.121877537032 0.0028835343476 0.00236266527606
-1.52 0.125664636789 0.0030698133011 0.00259345337253
-1.5 0.129517595666 0.0032668190562 0.00284450862126
-1.48 0.133435303951 0.00347507737785 0.00311737199024
-1.46 0.137416539282 0.00369513372956 0.00341367811487
-1.44 0.141459965225 0.00392755362892 0.00373515880614
-1.42 0.145564130037 0.00417292298452 0.00408364648692
-1.4 0.149727465636 0.00443184841194 0.00446107753246
-1.38 0.153948286763 0.00470495752693 0.00486949548908
-1.36 0.15822479037 0.00499289921361 0.00531105414389
-1.34 0.162555055226 0.00529634386531 0.00578802041598
-1.32 0.166937041742 0.00561598359599 0.00630277703864
-1.3 0.171368592048 0.00595253241978 0.0068578249999
-1.28 0.175847430298 0.00630672639627 0.00745578570775
-1.26 0.180371163227 0.0066793237392 0.00809940284448
-1.24 0.184937280963 0.00707110488602 0.00879154387369
-1.22 0.189543158092 0.00748287252578 0.00953520116207
-1.2 0.194186054983 0.00791545158298 0.010333492677
-1.18 0.198863119387 0.00836968915465 0.0111896622208
-1.16 0.203571388291 0.00884645439824 0.0121070791598
-1.14 0.208307790047 0.00934663836761 0.01308923761
-1.12 0.213069146776 0.00987115379475 0.014139755035
-1.1 0.217852177033 0.0104209348144 0.0152623702177
-1.08 0.222653498752 0.0109969366294 0.0164609405646
-1.06 0.227469632457 0.0116001351137 0.0177394387007
-1.04 0.232297004743 0.0122315263513 0.0191019483186
-1.02 0.237131952019 0.0128921261079 0.0205526592417
-1 0.241970724519 0.0135829692337 0.022095861666
-0.98 0.246809490567 0.0143051089941 0.0237359395461
-0.96 0.251644341098 0.0150596163274 0.0254773630929
-0.94 0.256471294426 0.0158475790254 0.0273246803539
-0.92 0.26128630125 0.0166701008374 0.0292825078505
-0.9 0.266085249899 0.0175283004936 0.0313555202484
-0.88 0.270863971798 0.0184233106469 0.0335484390434
-0.86 0.275618247153 0.0193562767317 0.0358660202475
-0.84 0.28034381084 0.0203283557382 0.0383130410668
-0.82 0.285036358489 0.0213407148999 0.0408942855653
-0.8 0.289691552761 0.0223945302948 0.043614529317
-0.78 0.294305029788 0.0234909853582 0.0464785230524
-0.76 0.298872405776 0.0246312693064 0.0494909753137
-0.74 0.303389283756 0.0258165754716 0.0526565341376
-0.72 0.30785126047 0.0270480995469 0.0559797677938
-0.7 0.312253933367 0.0283270377416 0.0594651446118
-0.68 0.316592907711 0.0296545848473 0.0631170119396
-0.66 0.320863803771 0.031031932215 0.0669395742813
-0.64 0.325062264084 0.0324602656437 0.0709368706724
-0.62 0.329183960771 0.0339407631824 0.0751127513567
-0.6 0.333224602892 0.0354745928462 0.0794708538386
-0.58 0.337179943822 0.0370629102478 0.0840145783909
-0.56 0.34104578863 0.0387068561475 0.0887470631071
-0.54 0.344818001439 0.0404075539229 0.0936711585961
-0.52 0.348492512759 0.0421661069618 0.0987894024212
-0.5 0.352065326764 0.0439835959804 0.104103993398
-0.48 0.355532528506 0.0458610762711 0.109616765867
-0.46 0.358890291034 0.0477995748821 0.11532916407
-0.44 0.362134882413 0.0498000877351 0.121242216756
-0.42 0.365262672622 0.0518635766828 0.127356512162
-0.4 0.368270140303 0.0539909665132 0.133672173502
-0.38 0.371153879359 0.0561831419039 0.140188835121
-0.36 0.373910605373 0.0584409443335 0.146905619455
-0.34 0.376537161833 0.0607651689546 0.153821114957
-0.32 0.379030526153 0.0631565614352 0.16093335514
-0.3 0.381387815461 0.0656158147747 0.168239798897
-0.28 0.383606292153 0.068143566101 0.175737312251
-0.26 0.385683369192 0.070740393457 0.183422151699
-0.24 0.387616615125 0.0734068125817 0.191289949288
-0.22 0.389403758834 0.0761432736962 0.199335699589
-0.2 0.391042693975 0.0789501583009 0.20755374871
-0.18 0.39253148312 0.0818277759921 0.21593778549
-0.16 0.393868361569 0.084776361308 0.224480835001
-0.14 0.395051740835 0.0877960706109 0.233175254498
-0.12 0.396080211794 0.0908869790163 0.242012731931
-0.1 0.396952547477 0.0940490773769 0.25098428712
-0.08 0.397667705512 0.0972822693315 0.260080275701
-0.06 0.398224830196 0.100586368428 0.269290395921
-0.04 0.398623254205 0.103961095329 0.278603698359
-0.02 0.398862499924 0.107406075113 0.288008598634
0 0.398942280401 0.110920834679 0.297492893129
0.02 0.398862499924 0.114504800259 0.307043777781
0.04 0.398623254205 0.11815729506 0.316647869933
0.06 0.398224830196 0.121877537032 0.326291233239
0.08 0.397667705512 0.125664636789 0.33595940562
0.1 0.396952547477 0.129517595666 0.345637430205
0.12 0.396080211794 0.133435303951 0.355309889213
0.14 0.395051740835 0.137416539282 0.364960940693
0.16 0.393868361569 0.141459965225 0.374574358027
0.18 0.39253148312 0.145564130037 0.384133572078
0.2 0.391042693975 0.149727465636 0.393621715857
0.22 0.389403758834 0.153948286763 0.403021671549
0.24 0.387616615125 0.15822479037 0.412316119738
0.26 0.385683369192 0.162555055226 0.421487590639
0.28 0.383606292153 0.166937041742 0.430518517146
0.3 0.381387815461 0.171368592048 0.439391289468
0.32 0.379030526153 0.175847430298 0.448088311135
0.34 0.376537161833 0.180371163227 0.456592056125
0.36 0.373910605373 0.184937280963 0.46488512686
0.38 0.371153879359 0.189543158092 0.472950312808
0.4 0.368270140303 0.194186054983 0.48077064942
0.42 0.365262672622 0.198863119387 0.488329477114
0.44 0.362134882413 0.203571388291 0.495610500043
0.46 0.358890291034 0.208307790047 0.502597844327
0.48 0.355532528506 0.213069146776 0.509276115494
0.5 0.352065326764 0.217852177033 0.515630454809
0.52 0.348492512759 0.222653498752 0.521646594233
0.54 0.344818001439 0.227469632457 0.527310909697
0.56 0.34104578863 0.232297004743 0.532610472445
0.58 0.337179943822 0.237131952019 0.537533098149
0.6 0.333224602892 0.241970724519 0.542067393552
0.62 0.329183960771 0.246809490567 0.546202800384
0.64 0.325062264084 0.251644341098 0.549929636308
0.66 0.320863803771 0.256471294426 0.553239132687
0.68 0.316592907711 0.26128630125 0.556123468952
0.7 0.312253933367 0.266085249899 0.558575803394
0.72 0.30785126047 0.270863971798 0.560590300205
0.74 0.303389283756 0.275618247153 0.562162152612
0.76 0.298872405776 0.28034381084 0.563287601992
0.78 0.294305029788 0.285036358489 0.563963952843
0.8 0.289691552761 0.289691552761 0.564189583548
0.82 0.285036358489 0.294305029788 0.563963952843
0.84 0.28034381084 0.298872405776 0.563287601992
0.86 0.275618247153 0.303389283756 0.562162152612
0.88 0.270863971798 0.30785126047 0.560590300205
0.9 0.266085249899 0.312253933367 0.558575803394
0.92 0.26128630125 0.316592907711 0.556123468952
0.94 0.256471294426 0.320863803771 0.553239132687
0.96 0.251644341098 0.325062264084 0.549929636308
0.98 0.246809490567 0.329183960771 0.546202800384
1 0.241970724519 0.333224602892 0.542067393552
1.02 0.237131952019 0.337179943822 0.537533098149
1.04 0.232297004743 0.34104578863 0.532610472445
1.06 0.227469632457 0.344818001439 0.527310909697
1.08 0.222653498752 0.348492512759 0.521646594233
1.1 0.217852177033 0.352065326764 0.515630454809
1.12 0.213069146776 0.355532528506 0.509276115494
1.14 0.208307790047 0.358890291034 0.502597844327
1.16 0.203571388291 0.362134882413 0.495610500043
1.18 0.198863119387 0.365262672622 0.488329477114
1.2 0.194186054983 0.368270140303 0.48077064942
1.22 0.189543158092 0.371153879359 0.472950312808
1.24 0.184937280963 0.373910605373 0.46488512686
1.26 0.180371163227 0.376537161833 0.456592056125
1.28 0.175847430298 0.379030526153 0.448088311135
1.3 0.171368592048 0.381387815461 0.439391289468
1.32 0.166937041742 0.383606292153 0.430518517146
1.34 0.162555055226 0.385683369192 0.421487590639
1.36 0.15822479037 0.387616615125 0.412316119738
1.38 0.153948286763 0.389403758834 0.403021671549
1.4 0.149727465636 0.391042693975 0.393621715857
1.42 0.145564130037 0.39253148312 0.384133572078
1.44 0.141459965225 0.393868361569 0.374574358027
1.46 0.137416539282 0.395051740835 0.364960940693
1.48 0.133435303951 0.396080211794 0.355309889213
1.5 0.129517595666 0.396952547477 0.345637430205
1.52 0.125664636789 0.397667705512 0.33595940562
1.54 0.121877537032 0.398224830196 0.326291233239
1.56 0.11815729506 0.398623254205 0.316647869933
1.58 0.114504800259 0.398862499924 0.307043777781
1.6 0.110920834679 0.398942280401 0.297492893129
1.62 0.107406075113 0.398862499924 0.288008598634
1.64 0.103961095329 0.398623254205 0.278603698359
1.66 0.100586368428 0.398224830196 0.269290395921
1.68 0.0972822693315 0.397667705512 0.260080275701
1.7 0.0940490773769 0.396952547477 0.25098428712
1.72 0.0908869790163 0.396080211794 0.242012731931
1.74 0.0877960706109 0.395051740835 0.233175254498
1.76 0.084776361308 0.393868361569 0.224480835001
1.78 0.0818277759921 0.39253148312 0.21593778549
1.8 0.0789501583009 0.391042693975 0.20755374871
1.82 0.0761432736962 0.389403758834 0.199335699589
1.84 0.0734068125817 0.387616615125 0.191289949288
1.86 0.070740393457 0.385683369192 0.183422151699
1.88 0.068143566101 0.383606292153 0.175737312251
1.9 0.0656158147747 0.381387815461 0.168239798897
1.92 0.0631565614352 0.379030526153 0.16093335514
1.94 0.0607651689546 0.376537161833 0.153821114957
1.96 0.0584409443335 0.373910605373 0.146905619455
1.98 0.0561831419039 0.371153879359 0.140188835121
2 0.0539909665132 0.368270140303 0.133672173502
2.02 0.0518635766828 0.365262672622 0.127356512162
2.04 0.0498000877351 0.362134882413 0.121242216756
2.06 0.0477995748821 0.358890291034 0.11532916407
2.08 0.0458610762711 0.355532528506 0.109616765867
2.1 0.0439835959804 0.352065326764 0.104103993398
2.12 0.0421661069618 0.348492512759 0.0987894024212
2.14 0.0404075539229 0.344818001439 0.0936711585961
2.16 0.0387068561475 0.34104578863 0.0887470631071
2.18 0.0370629102478 0.337179943822 0.0840145783909
2.2 0.0354745928462 0.333224602892 0.0794708538386
2.22 0.0339407631824 0.329183960771 0.0751127513567
2.24 0.0324602656437 0.325062264084 0.0709368706724
2.26 0.031031932215 0.320863803771 0.0669395742813
2.28 0.0296545848473 0.316592907711 0.0631170119396
2.3 0.0283270377416 0.312253933367 0.0594651446118
2.32 0.0270480995469 0.30785126047 0.0559797677938
2.34 0.0258165754716 0.303389283756 0.0526565341376
2.36 0.0246312693064 0.298872405776 0.0494909753137
2.38 0.0234909853582 0.294305029788 0.0464785230524
2.4 0.0223945302948 0.289691552761 0.043614529317
2.42 0.0213407148999 0.285036358489 0.0408942855653
2.44 0.0203283557382 0.28034381084 0.0383130410668
2.46 0.0193562767317 0.275618247153 0.0358660202475
2.48 0.0184233106469 0.270863971798 0.0335484390434
2.5 0.0175283004936 0.266085249899 0.0313555202484
2.52 0.0166701008374 0.26128630125 0.0292825078505
2.54 0.0158475790254 0.256471294426 0.0273246803539
2.56 0.0150596163274 0.251644341098 0.0254773630929
2.58 0.0143051089941 0.246809490567 0.0237359395461
2.6 0.0135829692337 0.241970724519 0.022095861666
2.62 0.0128921261079 0.237131952019 0.0205526592417
2.64 0.0122315263513 0.232297004743 0.0191019483186
2.66 0.0116001351137 0.227469632457 0.0177394387007
2.68 0.0109969366294 0.222653498752 0.0164609405646
2.7 0.0104209348144 0.217852177033 0.0152623702177
2.72 0.00987115379475 0.213069146776 0.014139755035
2.74 0.00934663836761 0.208307790047 0.01308923761
2.76 0.00884645439824 0.203571388291 0.0121070791598
2.78 0.00836968915465 0.198863119387 0.0111896622208
2.8 0.00791545158298 0.194186054983 0.010333492677
2.82 0.00748287252578 0.189543158092 0.00953520116207
2.84 0.00707110488602 0.184937280963 0.00879154387369
2.86 0.0066793237392 0.180371163227 0.00809940284448
2.88 0.00630672639627 0.175847430298 0.00745578570775
2.9 0.00595253241978 0.171368592048 0.0068578249999
2.92 0.00561598359599 0.166937041742 0.00630277703864
2.94 0.00529634386531 0.162555055226 0.00578802041598
2.96 0.00499289921361 0.15822479037 0.00531105414389
2.98 0.00470495752693 0.153948286763 0.00486949548908
3 0.00443184841194 0.149727465636 0.00446107753246
3.02 0.00417292298452 0.145564130037 0.00408364648692
3.04 0.00392755362892 0.141459965225 0.00373515880614
3.06 0.00369513372956 0.137416539282 0.00341367811487
3.08 0.00347507737785 0.133435303951 0.00311737199024
3.1 0.0032668190562 0.129517595666 0.00284450862126
3.12 0.0030698133011 0.125664636789 0.00259345337253
3.14 0.0028835343476 0.121877537032 0.00236266527606
3.16 0.00270747575684 0.11815729506 0.00215069347374
3.18 0.00254115002873 0.114504800259 0.00195617363096
3.2 0.00238408820146 0.110920834679 0.00177782434044
3.22 0.00223583943969 0.107406075113 0.00161444353359
3.24 0.00209597061286 0.103961095329 0.00146490491519
3.26 0.0019640658655 0.100586368428 0.00132815443546
3.28 0.00183972618082 0.0972822693315 0.00120320681235
3.3 0.00172256893905 0.0940490773769 0.00108914211518
3.32 0.00161222747198 0.0908869790163 0.000985102419584
3.34 0.00150835061485 0.0877960706109 0.000890288542322
3.36 0.00141060225694 0.084776361308 0.000803956863229
3.38 0.00131866089182 0.0818277759921 0.000725416240575
3.4 0.00123221916847 0.0789501583009 0.000654025024862
3.42 0.00115098344418 0.0761432736962 0.00058918817514
3.44 0.00107467334015 0.0734068125817 0.000530354480993
3.46 0.00100302130073 0.070740393457 0.000477013892422
3.48 0.000935772156927 0.068143566101 0.000428694959133
3.5 0.000872682695046 0.0656158147747 0.000384962379928
3.52 0.000813521231082 0.0631565614352 0.000345414662309
3.54 0.000758067191429 0.0607651689546 0.00030968189177
3.56 0.000706110700488 0.0584409443335 0.000277423609731
3.58 0.000657452175655 0.0561831419039 0.000248326798609
3.6 0.000611901930114 0.0539909665132 0.000222103972103
3.62 0.000569279783834 0.0518635766828 0.000198491368398
3.64 0.000529414683095 0.0498000877351 0.000177247243718
3.66 0.000492144328833 0.0477995748821 0.000158150263366
3.68 0.00045731481406 0.0458610762711 0.000140997987192
3.7 0.000424780270551 0.0439835959804 0.00012560544626
3.72 0.000394402524969 0.0421661069618 0.000111803807338
3.74 0.000366050764557 0.0404075539229 9.94391217336e-05
3.76 0.000339601212484 0.0387068561475 8.83711549601e-05
3.78 0.000314936812908 0.0370629102478 7.84722936253e-05
3.8 0.000291946925791 0.0354745928462 6.96265259734e-05
3.82 0.000270527031462 0.0339407631824 6.17284924875e-05
3.84 0.000250578444891 0.0324602656437 5.4682603004e-05
3.86 0.000232008039657 0.031031932215 4.84022168345e-05
3.88 0.0002147279815 0.0296545848473 4.28088824545e-05
3.9 0.000198655471393 0.0283270377416 3.78316333983e-05
3.92 0.000183712498002 0.0270480995469 3.3406337084e-05
3.94 0.000169825599429 0.0258165754716 2.94750933951e-05
3.96 0.000156925634066 0.0246312693064 2.59856799475e-05
3.98 0.000144947560424 0.0234909853582 2.28910410855e-05
4 0.000133830225765 0.0223945302948 2.01488177666e-05
4.02 0.000123516163341 0.0213407148999 1.77209156136e-05
4.04 0.000113951398069 0.0203283557382 1.55731085368e-05
4.06 0.00010508526043 0.0193562767317 1.36746754514e-05
4.08 9.68702083987e-05 0.0184233106469 1.19980677386e-05
4.1 8.92616571771e-05 0.0175283004936 1.05186052218e-05
4.12 8.22178165363e-05 0.0166701008374 9.21419855026e-06
4.14 7.56995355302e-05 0.0158475790254 8.065096002e-06
4.16 6.96701543692e-05 0.0150596163274 7.05365283342e-06
4.18 6.40953632271e-05 0.0143051089941 6.16412141709e-06
4.2 5.89430677565e-05 0.0135829692337 5.38246051834e-06
4.22 5.41832610895e-05 0.0128921261079 4.69616216748e-06
4.24 4.9787902098e-05 0.0122315263513 4.09409468631e-06
4.26 4.57307996916e-05 0.0116001351137 3.56636052513e-06
4.28 4.19875029316e-05 0.0109969366294 3.10416766001e-06
4.3 3.85351967421e-05 0.0104209348144 2.69971338869e-06
4.32 3.53526030018e-05 0.00987115379475 2.34607944819e-06
4.34 3.24198868042e-05 0.00934663836761 2.03713745691e-06
4.36 2.97185676764e-05 0.00884645439824 1.76746376e-06
4.38 2.7231435551e-05 0.00836968915465 1.53226282752e-06
4.4 2.49424712901e-05 0.00791545158298 1.32729842236e-06
4.42 2.28367715651e-05 0.00748287252578 1.14883181729e-06
4.44 2.09004779005e-05 0.00707110488602 9.9356639984e-07
4.46 1.91207096928e-05 0.0066793237392 8.58598058048e-07
4.48 1.74855010266e-05 0.00630672639627 7.41370791866e-07
4.5 1.59837411069e-05 0.00595253241978 6.39637042267e-07
4.52 1.46051181392e-05 0.00561598359599 5.51422274491e-07
4.54 1.33400664904e-05 0.00529634386531 4.7499339279e-07
4.56 1.21797169703e-05 0.00499289921361 4.08830601923e-07
4.58 1.11158500782e-05 0.00470495752693 3.51602365647e-07
4.6 1.01408520655e-05 0.00443184841194 3.02143144661e-07
4.62 9.24767367001e-06 0.00417292298452 2.59433626162e-07
4.64 8.42979138323e-06 0.00392755362892 2.22583184358e-07
4.66 7.68117111725e-06 0.00369513372956 1.90814336298e-07
4.68 6.99623414327e-06 0.00347507737785 1.63448980214e-07
4.7 6.36982517887e-06 0.0032668190562 1.39896224479e-07
4.72 5.79718250636e-06 0.0030698133011 1.19641634325e-07
4.74 5.2739100096e-06 0.0028835343476 1.02237740868e-07
4.76 4.79595102155e-06 0.00270747575684 8.72956727489e-08
4.78 4.35956387967e-06 0.00254115002873 7.44777850762e-08
4.8 3.96129909103e-06 0.00238408820146 6.34911733593e-08
4.82 3.59797801352e-06 0.00223583943969 5.40819719164e-08
4.84 3.26667296399e-06 0.00209597061286 4.60303468923e-08
4.86 2.96468866855e-06 0.0019640658655 3.91461036565e-08
4.88 2.68954497427e-06 0.00183972618082 3.32648370294e-08
4.9 2.43896074589e-06 0.00172256893905 2.82445606029e-08
4.92 2.21083887457e-06 0.00161222747198 2.39627584525e-08
4.94 2.00325232995e-06 0.00150835061485 2.03138088564e-08
4.96 1.81443119018e-06 0.00141060225694 1.72067352939e-08
4.98 1.64275058805e-06 0.00131866089182 1.45632450758e-08
5 1.48671951473e-06 0.00123221916847 1.23160204933e-08
