p prior posterior
0 0 0
0.002 0.011976 1.63422060395e-18
0.004 0.023904 4.15016951106e-16
0.006 0.035784 1.05512543396e-14
0.008 0.047616 1.0454785715e-13
0.01 0.0594 6.18143532435e-13
0.012 0.071136 2.63649102927e-12
0.014 0.082824 8.97595148239e-12
0.016 0.094464 2.59112763509e-11
0.018 0.106056 6.59438870874e-11
0.02 0.1176 1.51947241206e-10
0.022 0.129096 3.23061657526e-10
0.024 0.140544 6.42743592112e-10
0.026 0.151944 1.20940333683e-09
0.028 0.163296 2.1700905796e-09
0.03 0.1746 3.73770934234e-09
0.032 0.185856 6.21226262039e-09
0.034 0.197064 1.00066427051e-08
0.036 0.208224 1.5677495796e-08
0.038 0.219336 2.39616992176e-08
0.04 0.2304 3.58189964565e-08
0.042 0.241416 5.24813394487e-08
0.044 0.252384 7.55094891711e-08
0.046 0.263304 1.06857424744e-07
0.048 0.274176 1.48945108035e-07
0.05 0.285 2.04740145264e-07
0.052 0.295776 2.77848879471e-07
0.054 0.306504 3.72617437993e-07
0.056 0.317184 4.94243247407e-07
0.058 0.327816 6.48897514874e-07
0.06 0.3384 8.43859159486e-07
0.062 0.348936 1.08766066021e-06
0.064 0.359424 1.39024626845e-06
0.066 0.369864 1.76314301317e-06
0.068 0.380256 2.21964490494e-06
0.07 0.3906 2.77501072261e-06
0.072 0.400896 3.44667574199e-06
0.074 0.411144 4.25447774102e-06
0.076 0.421344 5.2208975892e-06
0.078 0.431496 6.37131470216e-06
0.08 0.4416 7.73427761372e-06
0.082 0.451656 9.34178988887e-06
0.084 0.461664 1.12296115711e-05
0.086 0.471624 1.34375763274e-05
0.088 0.481536 1.60099244221e-05
0.09 0.4914 1.89956516205e-05
0.092 0.501216 2.24488740893e-05
0.094 0.510984 2.642920933e-05
0.096 0.520704 3.10021731463e-05
0.098 0.530376 3.62395926157e-05
0.1 0.54 4.2220035e-05
0.102 0.549576 4.90292524957e-05
0.104 0.559104 5.67606426942e-05
0.106 0.568584 6.55157245831e-05
0.108 0.578016 7.54046298913e-05
0.11 0.5874 8.65466095421e-05
0.112 0.596736 9.90705549474e-05
0.114 0.606024 0.000113115533843
0.116 0.615264 0.000128831340329
0.118 0.624456 0.000146379058749
0.12 0.6336 0.000165931641003
0.122 0.642696 0.000187674496873
0.124 0.651744 0.000211806096884
0.126 0.660744 0.000238538587201
0.128 0.669696 0.000268098416059
0.13 0.6786 0.000300726971129
0.132 0.687456 0.000336681227267
0.134 0.696264 0.000376234404009
0.136 0.705024 0.000419676632163
0.138 0.713736 0.000467315628836
0.14 0.7224 0.000519477380181
0.142 0.731016 0.00057650683114
0.144 0.739584 0.000638768581422
0.146 0.748104 0.000706647586947
0.148 0.756576 0.00078054986593
0.15 0.765 0.000860903208798
0.152 0.773376 0.000948157891068
0.154 0.781704 0.00104278738833
0.156 0.789984 0.00114528909243
0.158 0.798216 0.00125618502791
0.16 0.8064 0.00137602256787
0.162 0.814536 0.00150537514815
0.164 0.822624 0.00164484297899
0.166 0.830664 0.00179505375311
0.168 0.838656 0.00195666334927
0.17 0.8466 0.00213035653021
0.172 0.854496 0.00231684763405
0.174 0.862344 0.00251688125797
0.176 0.870144 0.00273123293331
0.178 0.877896 0.00296070979083
0.18 0.8856 0.00320615121518
0.182 0.893256 0.00346842948753
0.184 0.900864 0.00374845041515
0.186 0.908424 0.00404715394696
0.188 0.915936 0.00436551477394
0.19 0.9234 0.00470454291329
0.192 0.930816 0.00506528427519
0.194 0.938184 0.00544882121121
0.196 0.945504 0.00585627304311
0.198 0.952776 0.00628879657104
0.2 0.96 0.00674758656
0.202 0.967176 0.00723387620349
0.204 0.974304 0.00774893756327
0.206 0.981384 0.00829408198417
0.208 0.988416 0.00887066048278
0.21 0.9954 0.00948006410913
0.212 1.002336 0.0101237242802
0.214 1.009224 0.0108031130841
0.216 1.016064 0.0115197435542
0.218 1.022856 0.0122751699122
0.22 1.0296 0.0130709877783
0.222 1.036296 0.0139088343489
0.224 1.042944 0.0147903885395
0.226 1.049544 0.0157173710933
0.228 1.056096 0.0166915446523
0.23 1.0626 0.0177147137932
0.232 1.069056 0.0187887250238
0.234 1.075464 0.0199154667417
0.236 1.081824 0.021096869153
0.238 1.088136 0.0223349041505
0.24 1.0944 0.0236315851509
0.242 1.100616 0.0249889668898
0.244 1.106784 0.0264091451745
0.246 1.112904 0.027894256592
0.248 1.118976 0.0294464781746
0.25 1.125 0.0310680270195
0.252 1.130976 0.0327611598631
0.254 1.136904 0.0345281726099
0.256 1.142784 0.0363713998136
0.258 1.148616 0.0382932141125
0.26 1.1544 0.0402960256162
0.262 1.160136 0.0423822812445
0.264 1.165824 0.0445544640176
0.266 1.171464 0.0468150922981
0.268 1.177056 0.0491667189823
0.27 1.1826 0.0516119306435
0.272 1.188096 0.054153346624
0.274 1.193544 0.0567936180779
0.276 1.198944 0.059535426963
0.278 1.204296 0.0623814849825
0.28 1.2096 0.0653345324762
0.282 1.214856 0.0683973372601
0.284 1.220064 0.0715726934165
0.286 1.225224 0.0748634200323
0.288 1.230336 0.0782723598875
0.29 1.2354 0.0818023780917
0.292 1.240416 0.0854563606721
0.294 1.245384 0.0892372131091
0.296 1.250304 0.0931478588232
0.298 1.255176 0.0971912376115
0.3 1.26 0.101370304035
0.302 1.264776 0.105688025756
0.304 1.269504 0.110147381828
0.306 1.274184 0.114751360935
0.308 1.278816 0.119502959587
0.31 1.2834 0.124405180263
0.312 1.287936 0.129461029511
0.314 1.292424 0.134673516001
0.316 1.296864 0.140045648533
0.318 1.301256 0.145580433997
0.32 1.3056 0.151280875295
0.322 1.309896 0.157149969214
0.324 1.314144 0.163190704263
0.326 1.318344 0.169406058461
0.328 1.322496 0.175798997089
0.33 1.3266 0.182372470405
0.332 1.330656 0.189129411316
0.334 1.334664 0.196072733014
0.336 1.338624 0.203205326579
0.338 1.342536 0.210530058539
0.34 1.3464 0.21804976841
0.342 1.350216 0.225767266185
0.344 1.353984 0.233685329813
0.346 1.357704 0.241806702628
0.348 1.361376 0.250134090765
0.35 1.365 0.258670160537
0.352 1.368576 0.267417535799
0.354 1.372104 0.276378795277
0.356 1.375584 0.285556469879
0.358 1.379016 0.29495303999
0.36 1.3824 0.304570932733
0.362 1.385736 0.314412519235
0.364 1.389024 0.324480111854
0.366 1.392264 0.33477596141
0.368 1.395456 0.345302254392
0.37 1.3986 0.356061110161
0.372 1.401696 0.367054578143
0.374 1.404744 0.378284635016
0.376 1.407744 0.389753181887
0.378 1.410696 0.401462041476
0.38 1.4136 0.41341295529
0.382 1.416456 0.425607580805
0.384 1.419264 0.438047488645
0.386 1.422024 0.450734159774
0.388 1.424736 0.463668982691
0.39 1.4274 0.476853250631
0.392 1.430016 0.490288158789
0.394 1.432584 0.503974801545
0.396 1.435104 0.517914169716
0.398 1.437576 0.532107147819
0.4 1.44 0.54655451136
0.402 1.442376 0.561256924142
0.404 1.444704 0.576214935601
0.406 1.446984 0.59142897817
0.408 1.449216 0.60689936467
0.41 1.4514 0.622626285734
0.412 1.453536 0.638609807271
0.414 1.455624 0.654849867957
0.416 1.457664 0.671346276778
0.418 1.459656 0.6880987106
0.42 1.4616 0.705106711796
0.422 1.463496 0.722369685916
0.424 1.465344 0.739886899398
0.426 1.467144 0.757657477344
0.428 1.468896 0.775680401337
0.43 1.4706 0.793954507322
0.432 1.472256 0.812478483546
0.434 1.473864 0.831250868551
0.436 1.475424 0.850270049237
0.438 1.476936 0.869534258991
0.44 1.4784 0.889041575882
0.442 1.479816 0.908789920925
0.444 1.481184 0.928777056419
0.446 1.482504 0.949000584363
0.448 1.483776 0.969457944945
0.45 1.485 0.990146415114
0.452 1.486176 1.01106310723
0.454 1.487304 1.03220496781
0.456 1.488384 1.05356877633
0.458 1.489416 1.07515114416
0.46 1.4904 1.09694851357
0.462 1.491336 1.11895715679
0.464 1.492224 1.14117317525
0.466 1.493064 1.16359249882
0.468 1.493856 1.18621088525
0.47 1.4946 1.20902391961
0.472 1.495296 1.23202701392
0.474 1.495944 1.25521540682
0.476 1.496544 1.2785841634
0.478 1.497096 1.30212817509
0.48 1.4976 1.3258421597
0.482 1.498056 1.34972066157
0.484 1.498464 1.3737580518
0.486 1.498824 1.39794852863
0.488 1.499136 1.4222861179
0.49 1.4994 1.44676467371
0.492 1.499616 1.47137787911
0.494 1.499784 1.49611924694
0.496 1.499904 1.52098212083
0.498 1.499976 1.54595967628
0.5 1.5 1.57104492188
0.502 1.499976 1.59623070068
0.504 1.499904 1.62150969165
0.506 1.499784 1.64687441132
0.508 1.499616 1.67231721548
0.51 1.4994 1.69783030106
0.512 1.499136 1.72340570817
0.514 1.498824 1.7490353222
0.516 1.498464 1.77471087611
0.518 1.498056 1.80042395284
0.52 1.4976 1.82616598781
0.522 1.497096 1.85192827167
0.524 1.496544 1.87770195304
0.526 1.495944 1.90347804151
0.528 1.495296 1.92924741072
0.53 1.4946 1.95500080154
0.532 1.493856 1.98072882547
0.534 1.493064 2.00642196814
0.536 1.492224 2.03207059291
0.538 1.491336 2.05766494465
0.54 1.4904 2.08319515367
0.542 1.489416 2.10865123972
0.544 1.488384 2.13402311619
0.546 1.487304 2.15930059439
0.548 1.486176 2.18447338803
0.55 1.485 2.20953111777
0.552 1.483776 2.23446331591
0.554 1.482504 2.25925943127
0.556 1.481184 2.2839088341
0.558 1.479816 2.30840082122
0.56 1.4784 2.33272462121
0.562 1.476936 2.35686939976
0.564 1.475424 2.38082426516
0.566 1.473864 2.40457827385
0.568 1.472256 2.42812043614
0.57 1.4706 2.45143972207
0.572 1.468896 2.47452506731
0.574 1.467144 2.49736537923
0.576 1.465344 2.51994954309
0.578 1.463496 2.54226642827
0.58 1.4616 2.5643048947
0.582 1.459656 2.5860537993
0.584 1.457664 2.60750200262
0.586 1.455624 2.62863837546
0.588 1.453536 2.64945180572
0.59 1.4514 2.6699312052
0.592 1.449216 2.69006551661
0.594 1.446984 2.7098437206
0.596 1.444704 2.72925484288
0.598 1.442376 2.74828796142
0.6 1.44 2.76693221376
0.602 1.437576 2.7851768043
0.604 1.435104 2.80301101177
0.606 1.432584 2.82042419668
0.608 1.430016 2.83740580884
0.61 1.4274 2.85394539501
0.612 1.424736 2.87003260644
0.614 1.422024 2.88565720665
0.616 1.419264 2.90080907907
0.618 1.416456 2.91547823486
0.62 1.4136 2.92965482066
0.622 1.410696 2.9433291264
0.624 1.407744 2.95649159315
0.626 1.404744 2.96913282095
0.628 1.401696 2.98124357669
0.63 1.3986 2.99281480192
0.632 1.395456 3.00383762075
0.634 1.392264 3.01430334767
0.636 1.389024 3.02420349542
0.638 1.385736 3.03352978276
0.64 1.3824 3.0422741423
0.642 1.379016 3.05042872821
0.644 1.375584 3.057985924
0.646 1.372104 3.06493835014
0.648 1.368576 3.07127887173
0.65 1.365 3.07700060603
0.652 1.361376 3.08209692999
0.654 1.357704 3.08656148765
0.656 1.353984 3.09038819754
0.658 1.350216 3.09357125993
0.66 1.3464 3.09610516399
0.662 1.342536 3.09798469492
0.664 1.338624 3.09920494087
0.666 1.334664 3.09976129984
0.668 1.330656 3.09964948643
0.67 1.3266 3.09886553843
0.672 1.322496 3.09740582332
0.674 1.318344 3.09526704463
0.676 1.314144 3.0924462481
0.678 1.309896 3.08894082771
0.68 1.3056 3.08474853161
0.682 1.301256 3.07986746776
0.684 1.296864 3.07429610949
0.686 1.292424 3.0680333008
0.688 1.287936 3.06107826154
0.69 1.2834 3.05343059232
0.692 1.278816 3.04509027925
0.694 1.274184 3.03605769844
0.696 1.269504 3.0263336203
0.698 1.264776 3.01591921359
0.7 1.26 3.00481604924
0.702 1.255176 2.99302610387
0.704 1.250304 2.98055176317
0.706 1.245384 2.9673958249
0.708 1.240416 2.95356150167
0.71 1.2354 2.93905242345
0.712 1.230336 2.92387263976
0.714 1.225224 2.90802662161
0.716 1.220064 2.89151926312
0.718 1.214856 2.8743558828
0.72 1.2096 2.85654222458
0.722 1.204296 2.83808445847
0.724 1.198944 2.81898918089
0.726 1.193544 2.7992634147
0.728 1.188096 2.77891460887
0.73 1.1826 2.75795063778
0.732 1.177056 2.73637980017
0.734 1.171464 2.7142108178
0.736 1.165824 2.6914528336
0.738 1.160136 2.66811540961
0.74 1.1544 2.64420852438
0.742 1.148616 2.61974257013
0.744 1.142784 2.5947283494
0.746 1.136904 2.5691770714
0.748 1.130976 2.54310034786
0.75 1.125 2.51651018858
0.752 1.118976 2.48941899648
0.754 1.112904 2.46183956229
0.756 1.106784 2.43378505878
0.758 1.100616 2.40526903463
0.76 1.0944 2.37630540775
0.762 1.088136 2.34690845835
0.764 1.081824 2.31709282141
0.766 1.075464 2.28687347879
0.768 1.069056 2.25626575092
0.77 1.0626 2.22528528799
0.772 1.056096 2.19394806075
0.774 1.049544 2.16227035086
0.776 1.042944 2.13026874075
0.778 1.036296 2.09796010311
0.78 1.0296 2.06536158984
0.782 1.022856 2.03249062069
0.784 1.016064 1.99936487132
0.786 1.009224 1.96600226098
0.788 1.002336 1.93242093979
0.79 0.9954 1.89863927549
0.792 0.988416 1.86467583983
0.794 0.981384 1.83054939452
0.796 0.974304 1.79627887668
0.798 0.967176 1.76188338401
0.8 0.96 1.72738215936
0.802 0.952776 1.69279457505
0.804 0.945504 1.65814011668
0.806 0.938184 1.6234383666
0.808 0.930816 1.58870898695
0.81 0.9234 1.55397170234
0.812 0.915936 1.51924628213
0.814 0.908424 1.48455252238
0.816 0.900864 1.44991022742
0.818 0.893256 1.41533919107
0.82 0.8856 1.38085917756
0.822 0.877896 1.34648990209
0.824 0.870144 1.31225101112
0.826 0.862344 1.27816206236
0.828 0.854496 1.24424250444
0.83 0.8466 1.21051165641
0.832 0.838656 1.17698868691
0.834 0.830664 1.14369259312
0.836 0.822624 1.1106421796
0.838 0.814536 1.07785603683
0.84 0.8064 1.04535251962
0.842 0.798216 1.0131497254
0.844 0.789984 0.98126547237
0.846 0.781704 0.949717277557
0.848 0.773376 0.918522334786
0.85 0.765 0.887697492617
0.852 0.756576 0.857259232268
0.854 0.748104 0.827223645531
0.856 0.739584 0.797606412743
0.858 0.731016 0.768422780817
0.86 0.7224 0.739687541375
0.862 0.713736 0.711415009027
0.864 0.705024 0.683618999806
0.866 0.696264 0.656312809821
0.868 0.687456 0.629509194148
0.87 0.6786 0.603220346004
0.872 0.669696 0.57745787625
0.874 0.660744 0.55223279325
0.876 0.651744 0.527555483146
0.878 0.642696 0.503435690583
0.88 0.6336 0.479882499935
0.882 0.624456 0.456904317074
0.884 0.615264 0.434508851745
0.886 0.606024 0.41270310058
0.888 0.596736 0.39149333082
0.89 0.5874 0.370885064792
0.892 0.578016 0.350883065194
0.894 0.568584 0.331491321257
0.896 0.559104 0.312713035837
0.898 0.549576 0.294550613493
0.9 0.54 0.277005649635
0.902 0.530376 0.260078920778
0.904 0.520704 0.243770376001
0.906 0.510984 0.228079129659
0.908 0.501216 0.213003455426
0.91 0.4914 0.198540781748
0.912 0.481536 0.184687688775
0.914 0.471624 0.171439906858
0.916 0.461664 0.158792316676
0.918 0.451656 0.146738951101
0.92 0.4416 0.135272998856
0.922 0.431496 0.124386810086
0.924 0.421344 0.114071903897
0.926 0.411144 0.104318977986
0.928 0.400896 0.095117920433
0.93 0.3906 0.0864578237741
0.932 0.380256 0.0783270014312
0.934 0.369864 0.0707130066211
0.936 0.359424 0.0636026538379
0.938 0.348936 0.0569820430196
0.94 0.3384 0.0508365865089
0.942 0.327816 0.0451510389207
0.944 0.317184 0.0399095300334
0.946 0.306504 0.0350956008216
0.948 0.295776 0.0306922427525
0.95 0.285 0.0266819404709
0.952 0.274176 0.023046718
0.954 0.263304 0.0197681885893
0.956 0.252384 0.0168276083427
0.958 0.241416 0.0142059337654
0.96 0.2304 0.0118838833683
0.962 0.219336 0.00984200347437
0.964 0.208224 0.00806073837348
0.966 0.197064 0.00652050497695
0.968 0.185856 0.00520177212416
0.97 0.1746 0.00408514469957
0.972 0.163296 0.00315145272042
0.974 0.151944 0.00238184555975
0.976 0.140544 0.00175789147262
0.978 0.129096 0.00126168259748
0.98 0.1176 0.00087594560805
0.982 0.106056 0.00058415819537
0.984 0.094464 0.000370671562999
0.986 0.082824 0.000220839122842
0.988 0.071136 0.000121151582724
0.99 0.0594 5.93786210864e-05
0.992 0.047616 2.47173482453e-05
0.994 0.035784 7.94775787331e-06
0.996 0.023904 1.59537662257e-06
0.998 0.011976 1.01324125509e-07
1 0 0
