sigma scaled_residual log_scale total
0.5 8 -0.69314718056 7.30685281944
0.525 7.25623582766 -0.644357016391 6.61187881127
0.55 6.61157024793 -0.597837000756 6.01373324718
0.575 6.04914933837 -0.553385238185 5.49576410019
0.6 5.55555555556 -0.510825623766 5.04472993179
0.625 5.12 -0.470003629246 4.64999637075
0.65 4.73372781065 -0.430782916092 4.30294489456
0.675 4.38957475995 -0.39304258811 3.99653217184
0.7 4.08163265306 -0.356674943939 3.72495770912
0.725 3.8049940547 -0.321583624127 3.48341043057
0.75 3.55555555556 -0.287682072452 3.2678734831
0.775 3.32986472425 -0.254892249629 3.07497247462
0.8 3.125 -0.223143551314 2.90185644869
0.825 2.93847566575 -0.192371892647 2.7461037731
0.85 2.76816608997 -0.162518929498 2.60564716047
0.875 2.61224489796 -0.133531392625 2.47871350533
0.9 2.46913580247 -0.105360515658 2.36377528681
0.925 2.33747260774 -0.0779615414697 2.25951106627
0.95 2.21606648199 -0.0512932943876 2.16477318761
0.975 2.10387902696 -0.0253178079843 2.07856121897
1 2 0 2
1.025 1.90362879239 0.0246926125904 1.92832140498
1.05 1.81405895692 0.0487901641694 1.86284912109
1.075 1.73066522445 0.0723206615796 1.80298588603
1.1 1.65289256198 0.0953101798043 1.74820274179
1.125 1.58024691358 0.117783035656 1.69802994924
1.15 1.51228733459 0.139761942375 1.65204927697
1.175 1.44861928474 0.161268147596 1.60988743234
1.2 1.38888888889 0.182321556794 1.57121044568
1.225 1.33277800916 0.202940843997 1.53571885316
1.25 1.28 0.223143551314 1.50314355131
1.275 1.23029603998 0.24294617861 1.4732422186
1.3 1.18343195266 0.262364264467 1.44579621713
1.325 1.13919544322 0.281412459438 1.42060790266
1.35 1.09739368999 0.30010459245 1.39749828244
1.375 1.05785123967 0.318453731119 1.37630497079
1.4 1.02040816327 0.336472236621 1.35688039989
1.425 0.984918436442 0.354171813721 1.33909025016
1.45 0.951248513674 0.371563556432 1.32281207011
1.475 0.919276070095 0.388657989792 1.30793405989
1.5 0.888888888889 0.405465108108 1.294353997
1.525 0.859983875302 0.421994410059 1.28197828536
1.55 0.832466181061 0.438254930931 1.27072111199
1.575 0.806248425296 0.454255272278 1.26050369757
1.6 0.78125 0.470003629246 1.25125362925
1.625 0.757396449704 0.485507815782 1.24290426549
1.65 0.734618916437 0.500775287912 1.23539420435
1.675 0.712853642237 0.515813165277 1.22866680751
1.7 0.692041522491 0.530628251062 1.22266977355
1.725 0.672127704264 0.545227050483 1.21735475475
1.75 0.65306122449 0.559615787935 1.21267701243
1.775 0.634794683595 0.573800422927 1.20859510652
1.8 0.617283950617 0.587786664902 1.20507061552
1.825 0.600487896416 0.601579987034 1.20206788345
1.85 0.584368151936 0.61518563909 1.19955379103
1.875 0.568888888889 0.628608659422 1.19749754831
1.9 0.554016620499 0.641853886172 1.19587050667
1.925 0.53972002024 0.65492596774 1.19464598798
1.95 0.525969756739 0.667829372576 1.19379912931
1.975 0.512738343214 0.680568398353 1.19330674157
2 0.5 0.69314718056 1.19314718056
2.025 0.487730528883 0.705569700559 1.19330022944
2.05 0.475907198096 0.71783979315 1.19374699125
2.075 0.464508636957 0.729961153683 1.19446979064
2.1 0.453514739229 0.741937344729 1.19545208396
2.125 0.442906574394 0.753771802376 1.19667837677
2.15 0.432666306111 0.76546784214 1.19813414825
2.175 0.422777117189 0.777028664541 1.19980578173
2.2 0.413223140496 0.788457360364 1.20168050086
2.225 0.403989395278 0.799756915618 1.2037463109
2.25 0.395061728395 0.810930216216 1.20599194461
2.275 0.386426760053 0.821980052403 1.20840681246
2.3 0.378071833648 0.832909122935 1.21098095658
2.325 0.369984969361 0.843720039039 1.2137050084
2.35 0.362154821186 0.854415328156 1.21657014934
2.375 0.354570637119 0.864997437487 1.21956807461
2.4 0.347222222222 0.875468737354 1.22269095958
2.425 0.340099904347 0.885831524389 1.22593142874
2.45 0.333194502291 0.896088024557 1.22928252685
2.475 0.326497296194 0.906240396021 1.23273769221
2.5 0.32 0.916290731874 1.23629073187
2.525 0.31369473581 0.926241062727 1.23993579854
2.55 0.307574009996 0.93609335917 1.24366736917
2.575 0.301630690923 0.945849534116 1.24748022504
2.6 0.295857988166 0.955511445027 1.25136943319
2.625 0.290249433107 0.965080896044 1.25533032915
2.65 0.284798860805 0.974559639998 1.2593585008
2.675 0.279500393047 0.983949380348 1.2634497734
2.7 0.274348422497 0.99325177301 1.26760019551
2.725 0.269337597845 1.00246842812 1.27180602596
2.75 0.264462809917 1.01160091168 1.2760637216
2.775 0.259719178638 1.0206507472 1.28036992584
2.8 0.255102040816 1.02961941718 1.284721458
2.825 0.25060693868 1.0385083646 1.28911530328
2.85 0.24622960911 1.04731899428 1.29354860339
2.875 0.241965973535 1.05605267425 1.29801864778
2.9 0.237812128419 1.06471073699 1.30252286541
2.925 0.233764336328 1.07329448068 1.30705881701
2.95 0.229819017524 1.08180517035 1.31162418788
2.975 0.225972742038 1.090244039 1.31621678104
3 0.222222222222 1.09861228867 1.32083451089
3.025 0.218564305717 1.10691109148 1.3254753972
3.05 0.214995968826 1.11514159062 1.33013755944
3.075 0.211514310265 1.12330490126 1.33481921152
3.1 0.208116545265 1.13140211149 1.33951865676
3.125 0.2048 1.13943428319 1.34423428319
3.15 0.201562106324 1.14740245284 1.34896455916
3.175 0.198400396801 1.15530763234 1.35370802915
3.2 0.1953125 1.16315080981 1.35846330981
3.225 0.19229613605 1.17093295025 1.3632290863
3.25 0.189349112426 1.17865499634 1.36800410877
3.275 0.18646931997 1.18631786909 1.37278718906
3.3 0.183654729109 1.19392246847 1.37757719758
3.325 0.180903386285 1.20146967411 1.38237306039
3.35 0.178213410559 1.20896034584 1.3871737564
3.375 0.175582990398 1.21639532432 1.39197831472
3.4 0.173010380623 1.22377543162 1.39678581224
3.425 0.170493899515 1.23110147171 1.40159537123
3.45 0.168031926066 1.23837423104 1.40640615711
3.475 0.165622897366 1.24559447902 1.41121737638
3.5 0.163265306122 1.2527629685 1.41602827462
3.525 0.160957698305 1.25988043626 1.42083813457
3.55 0.158698670899 1.26694760349 1.42564627439
3.575 0.156486869774 1.27396517615 1.43045204592
3.6 0.154320987654 1.28093384546 1.43525483312
3.625 0.152199762188 1.28785428831 1.44005405049
3.65 0.150121974104 1.29472716759 1.4448491417
3.675 0.148086445463 1.30155313266 1.44963957813
3.7 0.146092037984 1.30833281965 1.45442485763
3.725 0.144137651457 1.31506685183 1.45920450329
3.75 0.142222222222 1.32175583998 1.4639780622
3.775 0.140344721723 1.3284003827 1.46874510442
3.8 0.138504155125 1.33500106673 1.47350522186
3.825 0.136699559998 1.34155846728 1.47825802728
3.85 0.13493000506 1.3480731483 1.48300315336
3.875 0.13319458897 1.35454566281 1.48774025178
3.9 0.131492439185 1.36097655314 1.49246899232
3.925 0.12982271086 1.36736635123 1.49718906209
3.95 0.128184585804 1.37371557891 1.50190016472
3.975 0.126577271469 1.38002474811 1.50660201957
4 0.125 1.38629436112 1.51129436112
4.025 0.123452027314 1.39252491087 1.51597693818
4.05 0.121932632221 1.39871688112 1.52064951334
4.075 0.120441115586 1.40487074669 1.52531186228
4.1 0.118976799524 1.41098697371 1.52996377323
4.125 0.11753902663 1.41706601979 1.53460504642
4.15 0.116127159239 1.42310833424 1.53923549348
4.175 0.114740578723 1.4291143583 1.54385493703
4.2 0.113378684807 1.43508452529 1.5484632101
4.225 0.112040894927 1.44101926081 1.55306015574
4.25 0.110726643599 1.44691898294 1.55764562653
4.275 0.109435381827 1.45278410239 1.56221948422
4.3 0.108166576528 1.4586150227 1.56678159923
4.325 0.10691970998 1.46441214038 1.57133185036
4.35 0.105694279297 1.4701758451 1.5758701244
4.375 0.104489795918 1.47590651981 1.58039631573
4.4 0.103305785124 1.48160454092 1.58491032605
4.425 0.102141785566 1.48727027846 1.58941206403
4.45 0.10099734882 1.49290409618 1.593901445
4.475 0.0998720389501 1.49850635173 1.59837839068
4.5 0.0987654320988 1.50407739678 1.60284282888
4.525 0.0976771160831 1.50961757715 1.60729469324
4.55 0.0966066900133 1.51512723296 1.61173392298
4.575 0.0955537639225 1.52060669873 1.61616046265
4.6 0.0945179584121 1.5260563035 1.62057426191
4.625 0.0934989043097 1.53147637096 1.62497527527
4.65 0.0924962423402 1.5368672196 1.62936346194
4.675 0.0915096228088 1.54222916274 1.63373878555
4.7 0.0905387052965 1.54756250872 1.63810121401
4.725 0.0895831583662 1.55286756095 1.64245071931
4.75 0.0886426592798 1.55814461805 1.64678727733
4.775 0.0877168937255 1.56339397393 1.65111086766
4.8 0.0868055555556 1.56861591791 1.65542147347
4.825 0.0859083465328 1.57381073479 1.65971908132
4.85 0.0850249760867 1.57897870495 1.66400368104
4.875 0.0841551610782 1.58412010445 1.66827526553
4.9 0.0832986255727 1.58923520512 1.67253383069
4.925 0.082455100621 1.59432427462 1.67677937525
4.95 0.0816243240486 1.59938757658 1.68101190063
4.975 0.0808060402515 1.60442537061 1.68523141086
5 0.08 1.60943791243 1.68943791243
5.025 0.0792059602485 1.61442545395 1.69363141419
5.05 0.0784236839526 1.61938824329 1.69781192724
5.075 0.0776529398918 1.62432652493 1.70197946482
5.1 0.076893502499 1.62924053973 1.70613404223
5.125 0.0761451516954 1.63413052502 1.71027567672
5.15 0.0754076727307 1.63899671468 1.71440438741
5.175 0.0746808560293 1.64383933915 1.71852019518
5.2 0.0739644970414 1.64865862559 1.72262312263
5.225 0.073258396099 1.65345479785 1.72671319395
5.25 0.0725623582766 1.6582280766 1.73079043488
5.275 0.0718761932571 1.66297867936 1.73485487262
5.3 0.0711997152011 1.66770682056 1.73890653576
5.325 0.0705327426216 1.6724127116 1.74294545422
5.35 0.0698750982619 1.67709656091 1.74697165917
5.375 0.0692266089778 1.68175857401 1.75098518299
5.4 0.0685871056241 1.68639895357 1.75498605919
5.425 0.0679564229438 1.69101789943 1.75897432237
5.45 0.0673343994613 1.69561560868 1.76295000814
5.475 0.0667208773795 1.7001922757 1.76691315308
5.5 0.0661157024793 1.70474809224 1.77086379472
5.525 0.0655187240228 1.7092832474 1.77480197143
5.55 0.0649297946595 1.71379792776 1.77872772242
5.575 0.0643487703352 1.71829231735 1.78264108768
5.6 0.0637755102041 1.72276659774 1.78654210795
5.625 0.0632098765432 1.72722094809 1.79043082463
5.65 0.0626517346699 1.73165554516 1.79430727983
5.675 0.0621009528615 1.73607056337 1.79817151623
5.7 0.0615574022776 1.74046617484 1.80202357712
5.725 0.0610209568849 1.74484254944 1.80586350633
5.75 0.0604914933837 1.74919985481 1.80969134819
5.775 0.0599688911377 1.75353825641 1.81350714755
5.8 0.0594530321046 1.75785791755 1.81731094966
5.825 0.05894380077 1.76215899945 1.82110280022
5.85 0.0584410840821 1.76644166124 1.82488274533
5.875 0.0579447713898 1.77070606003 1.82865083142
5.9 0.0574547543809 1.77495235091 1.83240710529
5.925 0.0569709270238 1.77918068702 1.83615161404
5.95 0.0564931855095 1.78339121956 1.83988440507
5.975 0.0560214281963 1.78758409782 1.84360552601
6 0.0555555555556 1.79175946923 1.84731502478
