endpoint moments mle
0 0 0
0.025 0 0
0.05 0 0
0.075 0 0
0.1 0 0.0008
0.125 0.0016 0.0008
0.15 0.0024 0.0016
0.175 0.0024 0.0088
0.2 0.0056 0.0136
0.225 0.0128 0.0184
0.25 0.0272 0.0296
0.275 0.0288 0.036
0.3 0.0424 0.0496
0.325 0.0584 0.068
0.35 0.0712 0.0872
0.375 0.0936 0.112
0.4 0.1296 0.1432
0.425 0.1544 0.184
0.45 0.1824 0.2344
0.475 0.2064 0.2928
0.5 0.2944 0.3224
0.525 0.3304 0.4048
0.55 0.3808 0.5352
0.575 0.436 0.5808
0.6 0.5736 0.6752
0.625 0.6072 0.8224
0.65 0.672 0.956
0.675 0.7944 1.1432
0.7 0.8816 1.2128
0.725 0.9352 1.4944
0.75 0.9584 1.6336
0.775 1.1128 1.9584
0.8 1.1744 2.1152
0.825 1.2328 2.5032
0.85 1.3664 2.744
0.875 1.336 3.092
0.9 1.4144 3.5752
0.925 1.48 3.8752
0.95 1.4536 4.3856
0.975 1.4776 4.6896
1 1.5144 0
1.025 1.5328 0
1.05 1.4504 0
1.075 1.4304 0
1.1 1.3864 0
1.125 1.3104 0
1.15 1.2776 0
1.175 1.1584 0
1.2 1.1408 0
1.225 1.044 0
1.25 0.9128 0
1.275 0.884 0
1.3 0.756 0
1.325 0.6624 0
1.35 0.6216 0
1.375 0.5176 0
1.4 0.4624 0
1.425 0.3712 0
1.45 0.3104 0
1.475 0.3032 0
1.5 0.2216 0
1.525 0.1968 0
1.55 0.1392 0
1.575 0.128 0
1.6 0.0936 0
1.625 0.0744 0
1.65 0.0536 0
1.675 0.0408 0
1.7 0.024 0
1.725 0.0184 0
1.75 0.0112 0
1.775 0.0112 0
1.8 0.004 0
1.825 0.004 0
1.85 0 0
1.875 0 0
1.9 0.0008 0
1.925 0 0
1.95 0 0
1.975 0 0
2 0 0
